chr	windowStart	windowEnd	D	f_d	f_dM
scaffold_18	35877	39753	-0.784365	-1.135253	-0.488363
scaffold_18	35940	40272	-0.762107	-1.000837	-0.454407
scaffold_18	36337	40710	-0.778050	-1.113158	-0.439557
scaffold_18	36529	41070	-0.831495	-1.340035	-0.486512
scaffold_18	36613	41510	-0.879460	-1.708850	-0.549047
scaffold_18	36985	43993	-0.917265	-1.749032	-0.564924
scaffold_18	37384	44437	-0.913506	-2.042254	-0.582915
scaffold_18	38592	44940	-0.904623	-1.923826	-0.572634
scaffold_18	38775	45445	-0.888790	-2.051546	-0.572662
scaffold_18	39221	45802	-0.893316	-2.316877	-0.594404
scaffold_18	39828	46037	-0.913062	-3.140299	-0.643819
scaffold_18	40304	46494	-0.938103	-3.128686	-0.651228
scaffold_18	40711	47155	-0.915970	-2.371134	-0.634483
scaffold_18	41357	48711	-0.858607	-1.898522	-0.573512
scaffold_18	41556	48969	-0.813921	-1.484330	-0.508955
scaffold_18	44024	49163	-0.787919	-1.408122	-0.492893
scaffold_18	44594	49480	-0.817509	-1.543912	-0.524407
scaffold_18	44971	50122	-0.809234	-1.497653	-0.525016
scaffold_18	45453	50566	-0.812984	-1.417230	-0.508331
scaffold_18	45829	51055	-0.792934	-1.328947	-0.491036
scaffold_18	46052	51798	-0.787444	-1.245504	-0.467018
scaffold_18	46507	52242	-0.777797	-1.259510	-0.450832
scaffold_18	47173	55911	-0.702805	-1.209842	-0.418164
scaffold_18	48750	56181	-0.611977	-0.958059	-0.336900
scaffold_18	48976	56399	-0.514104	-0.870033	-0.284054
scaffold_18	49304	56789	-0.426848	-0.712846	-0.235506
scaffold_18	49525	57079	-0.292877	-0.433024	-0.152296
scaffold_18	50183	57225	-0.218228	-0.345035	-0.108244
scaffold_18	50600	58140	-0.042156	-0.068507	-0.022274
scaffold_18	51069	59201	0.113018	0.162749	0.057766
scaffold_18	51889	59488	0.202292	0.278182	0.094532
scaffold_18	52280	60362	0.338949	0.418818	0.157384
scaffold_18	56032	61413	0.269205	0.357587	0.125859
scaffold_18	56184	65682	0.218643	0.291857	0.103236
scaffold_18	56490	67806	0.303323	0.358996	0.148238
scaffold_18	56907	70297	0.304244	0.261504	0.134682
scaffold_18	57092	71677	0.269307	0.218650	0.114736
scaffold_18	57380	72528	0.257348	0.201020	0.108960
scaffold_18	58206	73647	0.253738	0.178942	0.096585
scaffold_18	59267	76273	0.153571	0.101523	0.052701
scaffold_18	60100	78377	0.246827	0.171290	0.096049
scaffold_18	60651	86231	0.239057	0.133215	0.076844
scaffold_18	61723	91756	0.221546	0.116518	0.068924
scaffold_18	65889	94232	0.118537	0.063599	0.038173
scaffold_18	68163	101741	-0.018317	-0.008844	-0.005339
scaffold_18	70548	105807	-0.040063	-0.022040	-0.012297
scaffold_18	71803	116132	0.028620	0.015437	0.008719
scaffold_18	72549	118762	0.071489	0.035176	0.020653
scaffold_18	74082	122635	0.017493	0.008564	0.004935
scaffold_18	76583	123068	0.015117	0.007939	0.004650
scaffold_18	80475	127956	-0.129537	-0.063927	-0.037972
scaffold_18	86384	130823	-0.136789	-0.079531	-0.047943
scaffold_18	93510	134109	-0.162032	-0.099408	-0.059134
scaffold_18	94233	140846	-0.024845	-0.013761	-0.008687
scaffold_18	103731	145924	-0.042303	-0.026212	-0.015480
scaffold_18	106090	146927	-0.118616	-0.075134	-0.044176
scaffold_18	116195	148009	-0.212288	-0.155708	-0.089291
scaffold_18	119249	148908	-0.197211	-0.160878	-0.091986
scaffold_18	122661	155068	-0.290044	-0.199543	-0.110914
scaffold_18	123326	163720	-0.166923	-0.095725	-0.057631
scaffold_18	129631	165570	-0.059380	-0.032497	-0.020291
scaffold_18	131396	166790	-0.073171	-0.042952	-0.026615
scaffold_18	135262	172623	0.062646	0.034678	0.022037
scaffold_18	140894	177481	0.009727	0.005253	0.003233
scaffold_18	146482	190827	0.091660	0.042886	0.028223
scaffold_18	147054	193136	0.199692	0.095264	0.063650
scaffold_18	148172	196740	0.269811	0.126613	0.085777
scaffold_18	149481	198325	0.262562	0.121697	0.082600
scaffold_18	158697	202460	0.409374	0.197862	0.148316
scaffold_18	164833	202929	0.297885	0.169707	0.122559
scaffold_18	165696	205405	0.217383	0.130278	0.083662
scaffold_18	166928	208301	0.241754	0.141519	0.090950
scaffold_18	174185	211386	0.216808	0.122392	0.080998
scaffold_18	179775	216799	0.180287	0.095359	0.065520
scaffold_18	191569	224133	0.230058	0.125989	0.087569
scaffold_18	193548	225089	0.133333	0.070294	0.048451
scaffold_18	197278	231373	0.093930	0.047343	0.031424
scaffold_18	199017	237984	0.068545	0.032803	0.021220
scaffold_18	202763	243025	0.042497	0.020793	0.013163
scaffold_18	202970	244767	0.098771	0.045914	0.029774
scaffold_18	206281	250256	0.064038	0.029132	0.020277
scaffold_18	208574	255821	0.024821	0.009322	0.006217
scaffold_18	211723	256036	0.064998	0.022129	0.015063
scaffold_18	220401	264700	0.106458	0.037538	0.025253
scaffold_18	224142	265634	0.008867	0.003417	0.002209
scaffold_18	225111	267681	-0.038253	-0.015486	-0.009485
scaffold_18	232677	270362	-0.087143	-0.033636	-0.020665
scaffold_18	242330	278900	-0.027959	-0.008664	-0.005820
scaffold_18	243046	283761	-0.150956	-0.048734	-0.031696
scaffold_18	246001	289869	-0.183111	-0.057776	-0.037510
scaffold_18	250544	306713	-0.135230	-0.040266	-0.026889
scaffold_18	255945	307577	-0.111312	-0.037324	-0.025709
scaffold_18	258950	311487	-0.205910	-0.074265	-0.049527
scaffold_18	264823	316947	-0.187043	-0.074592	-0.048375
scaffold_18	265954	320299	-0.156011	-0.062698	-0.041304
scaffold_18	268660	320464	-0.056245	-0.021631	-0.015124
scaffold_18	271181	328128	-0.023727	-0.009944	-0.007073
scaffold_18	279042	344108	-0.035097	-0.023516	-0.015108
scaffold_18	283964	344879	0.230632	0.143252	0.108323
scaffold_18	290521	350787	0.281664	0.169897	0.124895
scaffold_18	306716	352231	0.281190	0.207214	0.144763
scaffold_18	307578	359994	0.218609	0.137110	0.098334
scaffold_18	311985	367284	0.101310	0.055159	0.040673
scaffold_18	319969	369477	0.155113	0.074958	0.057134
scaffold_18	320320	369978	0.173164	0.081277	0.062500
scaffold_18	320553	371842	0.029522	0.013929	0.010413
scaffold_18	328131	372338	0.085619	0.040922	0.029985
scaffold_18	344320	372797	0.078437	0.038385	0.028529
scaffold_18	345000	373959	0.007505	0.003584	0.002549
scaffold_18	351642	374356	0.032819	0.016741	0.012364
scaffold_18	352372	377112	0.012474	0.005806	0.004284
scaffold_18	360057	385975	0.092066	0.046145	0.031857
scaffold_18	368221	388937	0.225968	0.148515	0.092920
scaffold_18	369513	404417	0.225987	0.138232	0.083540
scaffold_18	370067	404956	0.347353	0.184907	0.123028
scaffold_18	372125	408985	0.491948	0.251959	0.169487
scaffold_18	372513	410705	0.487047	0.233540	0.161051
scaffold_18	372817	411200	0.523771	0.251840	0.178278
scaffold_18	374251	413177	0.526017	0.266492	0.191696
scaffold_18	374359	413735	0.501524	0.262518	0.188624
scaffold_18	383318	415622	0.529673	0.282337	0.208843
scaffold_18	386710	417747	0.373312	0.217958	0.159879
scaffold_18	390046	420754	0.306777	0.174948	0.124295
scaffold_18	404436	422567	0.251617	0.160477	0.120119
scaffold_18	406729	426451	0.133753	0.093207	0.063968
scaffold_18	409034	434289	0.089135	0.061694	0.040447
scaffold_18	410745	439188	0.065160	0.043191	0.028764
scaffold_18	411642	448319	0.059902	0.032068	0.022743
scaffold_18	413418	449686	0.036525	0.019575	0.013573
scaffold_18	413739	453621	0.055989	0.028287	0.020009
scaffold_18	415994	460160	-0.045811	-0.021971	-0.015171
scaffold_18	417815	460703	0.046574	0.021632	0.015129
scaffold_18	421518	461030	0.107392	0.048780	0.035574
scaffold_18	423812	466970	0.073759	0.032867	0.023049
scaffold_18	427022	472916	0.081891	0.033353	0.023093
scaffold_18	434303	477197	0.092846	0.036758	0.026276
scaffold_18	439416	499756	0.103192	0.034698	0.025050
scaffold_18	448768	510182	0.001724	0.000595	0.000406
scaffold_18	449704	514403	0.061327	0.020363	0.014202
scaffold_18	454625	523106	0.001769	0.000547	0.000378
scaffold_18	460183	531750	-0.041096	-0.013845	-0.008975
scaffold_18	460766	537456	-0.065748	-0.023245	-0.014845
scaffold_18	463430	541249	-0.042489	-0.013901	-0.009158
scaffold_18	467127	546174	0.019629	0.006160	0.004163
scaffold_18	473847	548757	-0.052034	-0.018482	-0.012268
scaffold_18	479630	555514	-0.048780	-0.015105	-0.010261
scaffold_18	501639	559952	-0.086694	-0.031649	-0.020540
scaffold_18	511289	569539	-0.064074	-0.022820	-0.014493
scaffold_18	515397	572543	-0.087108	-0.031542	-0.019747
scaffold_18	525873	577239	-0.181087	-0.078309	-0.047274
scaffold_18	532612	582354	-0.199912	-0.090528	-0.053900
scaffold_18	538262	588232	-0.135469	-0.050663	-0.032078
scaffold_18	541254	590371	-0.171340	-0.075152	-0.045585
scaffold_18	546506	593366	-0.268152	-0.128463	-0.074344
scaffold_18	552980	597957	-0.270572	-0.114573	-0.069979
scaffold_18	555658	603489	-0.239249	-0.124138	-0.071612
scaffold_18	564677	609066	-0.175462	-0.084513	-0.050012
scaffold_18	570040	618621	-0.077123	-0.039868	-0.024949
scaffold_18	573054	628995	-0.017512	-0.007745	-0.004908
scaffold_18	578120	633229	0.085649	0.034858	0.022422
scaffold_18	586001	638067	0.200445	0.082092	0.054381
scaffold_18	588612	639983	0.142333	0.067643	0.042949
scaffold_18	590427	643543	0.199192	0.091161	0.058147
scaffold_18	594063	644654	0.300474	0.136103	0.087699
scaffold_18	598090	645025	0.443126	0.230741	0.149341
scaffold_18	606286	650768	0.508788	0.255239	0.170179
scaffold_18	609756	653499	0.466276	0.257570	0.170714
scaffold_18	623919	658323	0.459707	0.254321	0.164143
scaffold_18	629017	659843	0.390770	0.278947	0.177455
scaffold_18	634773	663463	0.487740	0.334247	0.215395
scaffold_18	638132	665725	0.452532	0.325926	0.216667
scaffold_18	642145	666835	0.424012	0.292300	0.196065
scaffold_18	643692	670757	0.446331	0.290307	0.198270
scaffold_18	644700	684629	0.400098	0.239579	0.162307
scaffold_18	645113	688504	0.224314	0.117548	0.078598
scaffold_18	650866	695000	0.178999	0.082671	0.057393
scaffold_18	655499	697095	0.273900	0.120213	0.087877
scaffold_18	659184	700903	0.254211	0.102219	0.076206
scaffold_18	660753	703094	0.174658	0.076900	0.052751
scaffold_18	663760	706236	0.088276	0.038462	0.026191
scaffold_18	666176	713752	0.120399	0.041567	0.029724
scaffold_18	666996	725712	0.121457	0.038590	0.027685
scaffold_18	678477	734250	0.067720	0.018904	0.013511
scaffold_18	686581	734592	0.073603	0.020146	0.014813
scaffold_18	689926	736729	0.005874	0.001764	0.001268
scaffold_18	696534	737164	-0.353878	-0.157231	-0.098421
scaffold_18	697151	739528	-0.489290	-0.232137	-0.139318
scaffold_18	701119	741821	-0.413880	-0.230256	-0.130443
scaffold_18	703270	743656	-0.453915	-0.262283	-0.157337
scaffold_18	707602	749994	-0.429858	-0.235377	-0.143502
scaffold_18	715776	754199	-0.462112	-0.312081	-0.174443
scaffold_18	727462	759618	-0.427882	-0.302345	-0.168850
scaffold_18	734278	761591	-0.364370	-0.361655	-0.181283
scaffold_18	734659	762738	-0.357286	-0.387767	-0.178075
scaffold_18	736955	766297	-0.304887	-0.351023	-0.158900
scaffold_18	737439	773384	-0.058546	-0.047283	-0.025970
scaffold_18	739539	781135	0.012355	0.009815	0.005228
scaffold_18	742030	795876	-0.082319	-0.052974	-0.030286
scaffold_18	745718	802219	0.101133	0.056715	0.033289
scaffold_18	752155	805167	0.051451	0.031041	0.017857
scaffold_18	755472	811901	0.022883	0.014414	0.007913
scaffold_18	760027	815518	0.051945	0.034909	0.017577
scaffold_18	762465	818344	0.057810	0.033266	0.017751
scaffold_18	762944	827818	0.049928	0.027751	0.015604
scaffold_18	767068	836186	0.070255	0.034086	0.019693
scaffold_18	774341	842928	-0.046538	-0.023468	-0.013294
scaffold_18	781517	848555	-0.013189	-0.005934	-0.003423
scaffold_18	795883	853539	0.085282	0.038160	0.022273
scaffold_18	802312	855571	0.083381	0.037568	0.021244
scaffold_18	809894	855834	0.086448	0.040562	0.022768
scaffold_18	813052	856783	0.096288	0.047016	0.027129
scaffold_18	815592	865616	-0.064218	-0.031715	-0.018161
scaffold_18	818647	868858	-0.085525	-0.046474	-0.026400
scaffold_18	829570	873766	-0.054811	-0.028238	-0.016269
scaffold_18	836517	881939	-0.121190	-0.062267	-0.035254
scaffold_18	845369	885712	0.003846	0.002033	0.001153
scaffold_18	850050	890662	-0.065169	-0.039545	-0.022166
scaffold_18	853567	892677	-0.071828	-0.051429	-0.026818
scaffold_18	855621	892946	-0.135975	-0.097367	-0.052063
scaffold_18	855864	900476	-0.161913	-0.117683	-0.062866
scaffold_18	856787	907265	-0.051888	-0.034188	-0.018467
scaffold_18	865627	909001	0.079757	0.050952	0.029236
scaffold_18	869082	917830	0.077121	0.039150	0.022981
scaffold_18	873796	923076	0.011202	0.006277	0.003568
scaffold_18	882281	931908	0.177465	0.110092	0.063951
scaffold_18	885722	933001	0.113996	0.063864	0.039854
scaffold_18	891287	936055	0.239079	0.135271	0.082949
scaffold_18	892679	940870	0.142771	0.082070	0.050176
scaffold_18	893004	945946	0.190292	0.101322	0.064679
scaffold_18	900699	948017	0.128755	0.070206	0.043127
scaffold_18	907776	948874	0.084842	0.043821	0.027801
scaffold_18	909704	953692	0.211116	0.116693	0.075758
scaffold_18	920451	966603	0.209379	0.122299	0.076663
scaffold_18	923139	969438	0.321995	0.189978	0.119165
scaffold_18	931948	982008	0.278934	0.167251	0.094369
scaffold_18	934381	984994	0.285921	0.159356	0.088789
scaffold_18	936098	990346	0.169890	0.087884	0.051418
scaffold_18	944043	993327	0.207671	0.100329	0.061331
scaffold_18	946212	996104	0.179230	0.094326	0.053725
scaffold_18	948145	1000086	0.264836	0.126095	0.073215
scaffold_18	949778	1005862	0.176388	0.092144	0.049901
scaffold_18	956160	1022603	0.013148	0.005899	0.003170
scaffold_18	966901	1024443	-0.184947	-0.097916	-0.049770
scaffold_18	969696	1026214	-0.405237	-0.215646	-0.105722
scaffold_18	983295	1028587	-0.398821	-0.211064	-0.109880
scaffold_18	986925	1030533	-0.433782	-0.266571	-0.131128
scaffold_18	990789	1031873	-0.212569	-0.142211	-0.068957
scaffold_18	993440	1033664	-0.003760	-0.002966	-0.001464
scaffold_18	996272	1037728	-0.179837	-0.159574	-0.076354
scaffold_18	1000168	1038446	-0.259922	-0.216099	-0.114593
scaffold_18	1006872	1040010	-0.294474	-0.224615	-0.127422
scaffold_18	1022712	1041277	-0.291941	-0.252650	-0.141517
scaffold_18	1024875	1044905	-0.226355	-0.183451	-0.106896
scaffold_18	1028027	1052767	-0.182619	-0.140135	-0.082654
scaffold_18	1028684	1053206	-0.189807	-0.145477	-0.087297
scaffold_18	1030577	1056445	-0.191672	-0.152146	-0.085558
scaffold_18	1032008	1067106	-0.241303	-0.183376	-0.104408
scaffold_18	1034193	1071376	-0.413217	-0.294318	-0.163054
scaffold_18	1038169	1079172	-0.311192	-0.175361	-0.104625
scaffold_18	1038475	1080958	-0.206443	-0.119210	-0.067266
scaffold_18	1040127	1090546	-0.106876	-0.055685	-0.031721
scaffold_18	1041409	1094448	-0.125231	-0.059354	-0.034596
scaffold_18	1045895	1102190	-0.124800	-0.050649	-0.031237
scaffold_18	1052971	1104776	-0.109819	-0.048208	-0.029665
scaffold_18	1054209	1106120	-0.152714	-0.069983	-0.041107
scaffold_18	1056856	1112685	-0.075501	-0.034016	-0.019766
scaffold_18	1067395	1116797	-0.198862	-0.092097	-0.050610
scaffold_18	1072754	1124507	-0.111854	-0.052632	-0.028321
scaffold_18	1079533	1131172	-0.102994	-0.046604	-0.025192
scaffold_18	1081243	1135273	-0.127605	-0.049463	-0.028346
scaffold_18	1091420	1136975	-0.082378	-0.034445	-0.019650
scaffold_18	1095425	1142440	-0.137813	-0.065205	-0.034829
scaffold_18	1103490	1156918	-0.096277	-0.043668	-0.023177
scaffold_18	1104883	1160479	-0.075647	-0.031250	-0.017217
scaffold_18	1106281	1168638	-0.016663	-0.006294	-0.003658
scaffold_18	1113251	1170010	-0.011423	-0.004191	-0.002634
scaffold_18	1118397	1174955	0.017254	0.005857	0.003851
scaffold_18	1125918	1182478	-0.040345	-0.013347	-0.009102
scaffold_18	1131283	1188947	-0.021864	-0.007489	-0.005004
scaffold_18	1135955	1193765	0.061989	0.024812	0.016187
scaffold_18	1137156	1199754	0.088131	0.033696	0.022270
scaffold_18	1147551	1203472	0.314425	0.120203	0.083070
scaffold_18	1156945	1211518	0.288310	0.119196	0.078660
scaffold_18	1164309	1218698	0.349366	0.145524	0.097381
scaffold_18	1168694	1225790	0.316171	0.142935	0.092514
scaffold_18	1171148	1231155	0.330018	0.138405	0.091306
scaffold_18	1175849	1238455	0.344799	0.145882	0.096340
scaffold_18	1183667	1247375	0.351351	0.147805	0.095719
scaffold_18	1189036	1249672	0.397451	0.185606	0.124659
scaffold_18	1196180	1253172	0.362079	0.165241	0.110557
scaffold_18	1200614	1256093	0.272570	0.138840	0.089841
scaffold_18	1205026	1260961	0.259941	0.122922	0.080186
scaffold_18	1211954	1261692	0.313141	0.165519	0.112577
scaffold_18	1221464	1265306	0.238899	0.136137	0.088837
scaffold_18	1226773	1270802	0.318707	0.164982	0.112795
scaffold_18	1231495	1277292	0.325333	0.176366	0.113756
scaffold_18	1242153	1283860	0.345223	0.187999	0.120391
scaffold_18	1247738	1287876	0.247557	0.145594	0.085125
scaffold_18	1249938	1297415	0.160714	0.087041	0.047289
scaffold_18	1253182	1300131	0.146056	0.079177	0.042937
scaffold_18	1258283	1305462	0.152091	0.072438	0.038964
scaffold_18	1261107	1308040	0.055135	0.026439	0.014161
scaffold_18	1261972	1311779	-0.054062	-0.023368	-0.012532
scaffold_18	1266403	1314690	-0.114607	-0.050000	-0.026693
scaffold_18	1272744	1328633	-0.203066	-0.079755	-0.043438
scaffold_18	1277293	1336998	-0.225088	-0.077552	-0.043105
scaffold_18	1286665	1340957	-0.236842	-0.076391	-0.042872
scaffold_18	1287877	1349698	-0.196954	-0.061981	-0.034892
scaffold_18	1298553	1357598	-0.215428	-0.074158	-0.042740
scaffold_18	1302767	1367536	-0.216181	-0.069466	-0.039632
scaffold_18	1305568	1372449	-0.163021	-0.055770	-0.032108
scaffold_18	1309931	1377373	-0.213779	-0.072633	-0.040313
scaffold_18	1312515	1385146	-0.189762	-0.062365	-0.034257
scaffold_18	1317123	1390399	0.067974	0.017871	0.011291
scaffold_18	1334070	1396888	0.073465	0.021439	0.013529
scaffold_18	1337037	1414490	0.002820	0.000870	0.000554
scaffold_18	1341410	1426244	-0.049264	-0.015804	-0.009525
scaffold_18	1350974	1449058	0.044193	0.011883	0.007916
scaffold_18	1358296	1449724	0.142769	0.035623	0.024298
scaffold_18	1368772	1451924	0.202908	0.049195	0.034174
scaffold_18	1372886	1454672	0.181608	0.041356	0.027935
scaffold_18	1378565	1458278	0.163085	0.037877	0.026490
scaffold_18	1385342	1471458	0.158641	0.037956	0.026661
scaffold_18	1390901	1484383	-0.007419	-0.001960	-0.001281
scaffold_18	1404597	1484674	0.049117	0.013151	0.008536
scaffold_18	1414543	1484995	0.151110	0.044743	0.029297
scaffold_18	1426434	1485386	0.302657	0.092711	0.065288
scaffold_18	1449348	1492064	0.193340	0.081744	0.054348
scaffold_18	1450421	1492275	0.121712	0.058608	0.038636
scaffold_18	1452587	1492635	0.004244	0.002470	0.001590
scaffold_18	1455672	1493087	0.036725	0.023722	0.016129
scaffold_18	1467133	1497637	0.107265	0.063808	0.043798
scaffold_18	1473922	1500757	0.193467	0.121515	0.083756
scaffold_18	1484463	1508550	0.141093	0.089787	0.062040
scaffold_18	1484860	1515683	0.145470	0.086528	0.055574
scaffold_18	1485042	1520799	0.097865	0.048544	0.031866
scaffold_18	1485674	1526309	0.077729	0.035743	0.022920
scaffold_18	1492106	1532046	0.088052	0.039791	0.025404
scaffold_18	1492552	1533303	0.062210	0.027549	0.017127
scaffold_18	1492743	1538072	0.141201	0.057238	0.035576
scaffold_18	1494440	1543325	0.166920	0.069213	0.042021
scaffold_18	1499014	1551522	0.180822	0.071922	0.042802
scaffold_18	1502434	1554832	0.058376	0.023417	0.013494
scaffold_18	1508998	1559565	0.007817	0.003576	0.001817
scaffold_18	1515809	1566079	-0.114143	-0.051657	-0.027593
scaffold_18	1520937	1568516	-0.024471	-0.012581	-0.006705
scaffold_18	1529125	1571343	-0.082315	-0.046818	-0.023230
scaffold_18	1532161	1580087	-0.077256	-0.038362	-0.019758
scaffold_18	1534449	1586095	-0.071547	-0.033814	-0.017758
scaffold_18	1538908	1588431	-0.094091	-0.045190	-0.023588
scaffold_18	1543358	1594949	-0.021298	-0.009409	-0.005249
scaffold_18	1551523	1600181	-0.004722	-0.002109	-0.001189
scaffold_18	1556839	1603043	0.036166	0.016172	0.009196
scaffold_18	1559869	1608590	0.135152	0.055513	0.033941
scaffold_18	1566538	1623711	0.237500	0.095175	0.057320
scaffold_18	1568680	1629599	0.180552	0.065212	0.039536
scaffold_18	1577255	1631978	0.287513	0.094144	0.062094
scaffold_18	1580136	1644092	0.314664	0.110782	0.073050
scaffold_18	1587257	1649390	0.303693	0.106248	0.072119
scaffold_18	1588937	1654829	0.401302	0.141185	0.096037
scaffold_18	1595944	1656486	0.374302	0.132448	0.088441
scaffold_18	1600824	1658736	0.403495	0.150697	0.099608
scaffold_18	1604533	1662052	0.362768	0.134157	0.090548
scaffold_18	1611425	1674773	0.321196	0.120896	0.078958
scaffold_18	1624149	1682310	0.262419	0.101536	0.068922
scaffold_18	1629640	1683129	0.254072	0.113744	0.075108
scaffold_18	1632677	1683445	0.220447	0.111022	0.071763
scaffold_18	1646128	1688224	0.271268	0.141898	0.093759
scaffold_18	1650700	1693836	0.276667	0.148148	0.091890
scaffold_18	1656212	1698406	0.281826	0.148268	0.089665
scaffold_18	1656639	1712571	0.197792	0.093154	0.051870
scaffold_18	1659100	1717845	0.136364	0.061955	0.034830
scaffold_18	1670157	1720400	0.107174	0.055429	0.028189
scaffold_18	1676321	1726336	0.037815	0.019116	0.010383
scaffold_18	1682338	1734650	0.083689	0.040496	0.021458
scaffold_18	1683186	1740477	0.136798	0.055539	0.030663
scaffold_18	1684834	1743392	0.091725	0.036093	0.019541
scaffold_18	1689985	1744104	-0.000735	-0.000305	-0.000159
scaffold_18	1694640	1751935	0.125157	0.047052	0.025328
scaffold_18	1699116	1761545	0.024143	0.007099	0.004109
scaffold_18	1712598	1770083	0.088836	0.025100	0.014870
scaffold_18	1719284	1774702	-0.003075	-0.000897	-0.000508
scaffold_18	1720401	1795245	0.057292	0.013069	0.007861
scaffold_18	1727934	1803989	0.183773	0.036434	0.022004
scaffold_18	1734706	1805636	0.089080	0.019355	0.011664
scaffold_18	1740536	1807284	0.010015	0.002528	0.001493
scaffold_18	1743413	1809377	0.194762	0.048260	0.030283
scaffold_18	1745345	1822978	0.247359	0.056733	0.035579
scaffold_18	1752511	1826379	0.207156	0.047160	0.029936
scaffold_18	1761546	1832802	0.275211	0.072234	0.044118
scaffold_18	1770132	1843793	0.171734	0.051038	0.031009
scaffold_18	1785507	1849962	0.274772	0.076692	0.049991
scaffold_18	1799215	1856725	0.288272	0.094706	0.060847
scaffold_18	1804486	1860546	0.201480	0.085158	0.053423
scaffold_18	1805639	1864305	0.337842	0.138776	0.089710
scaffold_18	1807429	1876420	0.347334	0.136248	0.087203
scaffold_18	1815845	1881592	0.194294	0.085628	0.049060
scaffold_18	1823487	1887923	0.076923	0.035461	0.020653
scaffold_18	1826654	1892485	-0.066574	-0.033001	-0.018529
scaffold_18	1834969	1895888	-0.017234	-0.009139	-0.005208
scaffold_18	1845025	1904214	0.055961	0.029165	0.016989
scaffold_18	1850144	1907708	0.075257	0.042376	0.024089
scaffold_18	1857717	1908992	-0.040601	-0.025069	-0.013922
scaffold_18	1861479	1910838	0.044905	0.026354	0.015414
scaffold_18	1865212	1914922	0.021465	0.012147	0.007143
scaffold_18	1877165	1918394	0.105724	0.060440	0.036913
scaffold_18	1883406	1923728	0.090402	0.046201	0.029361
scaffold_18	1890107	1929680	0.134378	0.068894	0.042717
scaffold_18	1893336	1936133	0.241994	0.117338	0.074345
scaffold_18	1896451	1949550	0.148501	0.062888	0.039970
scaffold_18	1904678	1952487	0.166862	0.065998	0.044341
scaffold_18	1907743	1955654	0.150376	0.057986	0.039625
scaffold_18	1909583	1958498	0.204513	0.079568	0.052516
scaffold_18	1911628	1961441	0.214019	0.082828	0.054325
scaffold_18	1915436	1968482	0.095752	0.037192	0.023818
scaffold_18	1919417	1978603	0.127774	0.043668	0.029258
scaffold_18	1924009	1978933	0.185940	0.069058	0.046761
scaffold_18	1930574	1987254	0.223849	0.077375	0.052896
scaffold_18	1936610	1990903	0.140614	0.051905	0.035152
scaffold_18	1949720	1999697	0.177762	0.067201	0.046374
scaffold_18	1953067	2010217	0.052414	0.022151	0.014116
scaffold_18	1957203	2020386	0.095842	0.038074	0.023416
scaffold_18	1958499	2024453	0.149148	0.055424	0.036675
scaffold_18	1961653	2031971	0.186768	0.064647	0.043951
scaffold_18	1969299	2034982	0.227700	0.078473	0.053830
scaffold_18	1978827	2035348	-0.073469	-0.036179	-0.021289
scaffold_18	1979665	2037097	-0.136447	-0.068314	-0.038835
scaffold_18	1987257	2044693	-0.119565	-0.058380	-0.032971
scaffold_18	1990909	2044703	-0.067201	-0.031521	-0.017884
scaffold_18	2000209	2051991	-0.075798	-0.041062	-0.020932
scaffold_18	2013094	2063520	0.056658	0.028522	0.015168
scaffold_18	2021259	2067479	0.048324	0.024404	0.013511
scaffold_18	2027128	2073882	0.125904	0.057426	0.032685
scaffold_18	2033192	2078461	0.074390	0.034243	0.018882
scaffold_18	2035129	2082354	0.153196	0.077675	0.042809
scaffold_18	2035352	2095206	0.329373	0.126425	0.075549
scaffold_18	2040318	2098244	0.416648	0.161872	0.096900
scaffold_18	2044695	2101085	0.498394	0.191281	0.121599
scaffold_18	2045804	2109468	0.534836	0.195770	0.128927
scaffold_18	2052227	2113468	0.616569	0.205198	0.144840
scaffold_18	2063878	2140522	0.519049	0.178072	0.125794
scaffold_18	2068476	2146868	0.475141	0.167434	0.112302
scaffold_18	2076140	2150937	0.417197	0.166667	0.107114
scaffold_18	2078985	2156640	0.369926	0.151696	0.095644
scaffold_18	2084776	2163396	0.362578	0.123853	0.078065
scaffold_18	2096701	2167053	0.332767	0.132075	0.082823
scaffold_18	2098375	2170689	0.284866	0.097029	0.064843
scaffold_18	2103747	2186003	0.306783	0.110925	0.074033
scaffold_18	2109606	2189405	0.283399	0.108333	0.070212
scaffold_18	2139187	2189720	0.323378	0.132732	0.087330
scaffold_18	2140717	2189783	0.312210	0.137368	0.089262
scaffold_18	2147269	2193549	0.325871	0.150937	0.102718
scaffold_18	2153108	2197550	0.259357	0.121572	0.081248
scaffold_18	2158624	2199393	0.268600	0.136960	0.092352
scaffold_18	2163402	2201911	0.161212	0.088889	0.059283
scaffold_18	2168113	2205068	0.183586	0.101176	0.068344
scaffold_18	2173325	2210186	0.259312	0.154371	0.102724
scaffold_18	2186944	2214246	0.153846	0.113939	0.071212
scaffold_18	2189477	2219980	-0.023280	-0.018519	-0.010575
scaffold_18	2189726	2224963	-0.103967	-0.075996	-0.044781
scaffold_18	2189788	2226340	-0.063344	-0.040357	-0.025489
scaffold_18	2195251	2228168	-0.089160	-0.055861	-0.035693
scaffold_18	2197646	2229480	-0.148458	-0.099567	-0.063187
scaffold_18	2199429	2237548	-0.207232	-0.148925	-0.089848
scaffold_18	2202107	2238438	-0.137650	-0.106446	-0.064378
scaffold_18	2205122	2244189	-0.193800	-0.149398	-0.088225
scaffold_18	2210339	2253204	-0.232323	-0.166481	-0.098355
scaffold_18	2214377	2265065	-0.301983	-0.173837	-0.102964
scaffold_18	2219990	2270023	-0.116498	-0.068836	-0.040771
scaffold_18	2225027	2280411	-0.100235	-0.050493	-0.030425
scaffold_18	2226359	2288034	-0.178006	-0.091837	-0.050000
scaffold_18	2228215	2291215	-0.132341	-0.068230	-0.036622
scaffold_18	2233046	2292058	-0.092025	-0.042614	-0.023913
scaffold_18	2237811	2296722	-0.046518	-0.020905	-0.012152
scaffold_18	2242110	2299847	-0.169264	-0.080552	-0.043814
scaffold_18	2251090	2313986	-0.083916	-0.031309	-0.018093
scaffold_18	2254204	2317022	0.017006	0.006899	0.003960
scaffold_18	2266797	2321979	0.083777	0.037393	0.021744
scaffold_18	2271567	2324666	-0.005336	-0.002254	-0.001325
scaffold_18	2284759	2329859	0.026108	0.013067	0.007470
scaffold_18	2288352	2338900	-0.008354	-0.003638	-0.002211
scaffold_18	2291304	2340483	0.086520	0.039042	0.023542
scaffold_18	2292254	2348822	0.106773	0.048430	0.027933
scaffold_18	2296808	2354257	0.143720	0.059462	0.034467
scaffold_18	2300178	2361021	0.224526	0.086019	0.051854
scaffold_18	2313990	2361733	0.192376	0.086042	0.047009
scaffold_18	2318003	2362256	0.067542	0.031423	0.016783
scaffold_18	2322027	2365599	0.089172	0.043762	0.022992
scaffold_18	2324667	2371788	0.111176	0.050026	0.027480
scaffold_18	2332661	2373969	0.116168	0.048658	0.027409
scaffold_18	2338908	2376842	0.135200	0.062414	0.035844
scaffold_18	2347838	2377852	0.021814	0.010442	0.005838
scaffold_18	2349272	2379175	0.005046	0.002519	0.001442
scaffold_18	2354776	2383810	-0.062834	-0.035022	-0.017776
scaffold_18	2361106	2385361	-0.176430	-0.104355	-0.052350
scaffold_18	2361740	2387809	-0.111883	-0.066525	-0.038811
scaffold_18	2363360	2388530	-0.119524	-0.073188	-0.042107
scaffold_18	2366271	2390769	-0.161808	-0.090024	-0.052144
scaffold_18	2372644	2393208	-0.128951	-0.080389	-0.044054
scaffold_18	2375460	2402927	-0.100484	-0.072581	-0.037236
scaffold_18	2377236	2406907	-0.066224	-0.049714	-0.024797
scaffold_18	2377972	2407889	0.006153	0.004475	0.002378
scaffold_18	2379223	2409585	-0.025708	-0.019279	-0.010090
scaffold_18	2383936	2413281	0.006332	0.004111	0.002486
scaffold_18	2385377	2414200	0.118837	0.078106	0.047607
scaffold_18	2387812	2419816	0.154990	0.085595	0.050049
scaffold_18	2388631	2422004	0.259303	0.122356	0.073511
scaffold_18	2390935	2450998	0.228306	0.103848	0.066380
scaffold_18	2393763	2451874	0.194818	0.077897	0.053323
scaffold_18	2403625	2452326	0.047475	0.015620	0.011276
scaffold_18	2407025	2453663	-0.027907	-0.008798	-0.006527
scaffold_18	2408164	2456981	-0.159811	-0.042935	-0.032232
scaffold_18	2409749	2457915	-0.189861	-0.051455	-0.038782
scaffold_18	2413650	2459638	-0.247479	-0.076379	-0.058442
scaffold_18	2414381	2463620	-0.176070	-0.054316	-0.041516
scaffold_18	2419847	2464248	-0.230434	-0.077465	-0.061125
scaffold_18	2423120	2466399	-0.289982	-0.107422	-0.084337
scaffold_18	2451258	2467559	-0.360317	-0.165071	-0.120106
scaffold_18	2452075	2469202	-0.309216	-0.157216	-0.112734
scaffold_18	2452539	2472202	-0.247044	-0.157936	-0.107820
scaffold_18	2454092	2476547	-0.195724	-0.128920	-0.085426
scaffold_18	2457040	2483310	-0.173459	-0.129603	-0.082748
scaffold_18	2458239	2485031	-0.041105	-0.029291	-0.019453
scaffold_18	2460696	2486159	-0.040506	-0.032424	-0.020006
scaffold_18	2463627	2488321	-0.090890	-0.080159	-0.047894
scaffold_18	2466330	2491212	-0.031723	-0.026194	-0.016284
scaffold_18	2466413	2493655	-0.001974	-0.001771	-0.000992
scaffold_18	2469077	2496438	0.071067	0.058126	0.035432
scaffold_18	2469316	2500839	0.090209	0.066881	0.039470
scaffold_18	2472814	2510824	0.204816	0.112615	0.070511
scaffold_18	2477229	2512409	0.280586	0.162562	0.105713
scaffold_18	2483980	2512668	0.266099	0.158673	0.101812
scaffold_18	2485034	2513298	0.161249	0.099857	0.061260
scaffold_18	2486300	2524843	0.162842	0.062947	0.044898
scaffold_18	2488352	2530893	0.222874	0.075378	0.053739
scaffold_18	2491643	2532452	0.191624	0.069413	0.047578
scaffold_18	2494113	2538930	0.256829	0.076321	0.054469
scaffold_18	2496575	2539779	0.318089	0.090434	0.065027
scaffold_18	2501678	2540706	0.371081	0.110700	0.082523
scaffold_18	2510996	2552699	0.362312	0.107083	0.077808
scaffold_18	2512534	2555822	0.256369	0.065943	0.047853
scaffold_18	2512693	2562369	0.276721	0.066506	0.048455
scaffold_18	2513454	2565512	0.247377	0.059929	0.043686
scaffold_18	2524862	2569609	0.254145	0.066981	0.047378
scaffold_18	2531559	2573454	0.190263	0.052312	0.037644
scaffold_18	2532505	2579464	0.243548	0.063146	0.046062
scaffold_18	2538951	2585263	0.243446	0.059600	0.045544
scaffold_18	2539846	2594991	0.190421	0.040283	0.030988
scaffold_18	2541674	2602195	0.069220	0.014288	0.010866
scaffold_18	2553499	2605862	0.060563	0.013072	0.010250
scaffold_18	2557579	2606849	0.109489	0.026842	0.020799
scaffold_18	2563255	2607945	0.116755	0.033516	0.025493
scaffold_18	2565542	2608322	0.153075	0.043422	0.033234
scaffold_18	2569935	2609222	0.170374	0.054860	0.041614
scaffold_18	2573455	2611997	0.172652	0.056678	0.042033
scaffold_18	2580063	2615516	0.087253	0.031000	0.022401
scaffold_18	2586913	2627640	0.055341	0.023969	0.016000
scaffold_18	2598870	2630549	0.114404	0.062679	0.039674
scaffold_18	2602773	2640463	0.182488	0.090102	0.056958
scaffold_18	2606127	2643056	0.211160	0.114828	0.071938
scaffold_18	2607157	2647766	0.283933	0.134203	0.085788
scaffold_18	2608138	2649021	0.311428	0.135820	0.086730
scaffold_18	2608324	2651160	0.456203	0.207064	0.132168
scaffold_18	2609779	2651901	0.299172	0.146440	0.087695
scaffold_18	2612544	2652902	0.326546	0.178958	0.103947
scaffold_18	2620849	2654413	0.366970	0.190820	0.113429
scaffold_18	2628147	2655450	0.357952	0.196776	0.114776
scaffold_18	2634157	2656419	0.409365	0.248626	0.141728
scaffold_18	2641780	2657059	0.469586	0.345786	0.177917
scaffold_18	2644407	2657677	0.440650	0.341202	0.160831
scaffold_18	2648334	2657942	0.405567	0.381436	0.162089
scaffold_18	2650082	2658572	0.405350	0.390196	0.164490
scaffold_18	2651435	2661799	0.246557	0.247245	0.097650
scaffold_18	2652116	2662923	0.333743	0.328351	0.134733
scaffold_18	2653044	2665078	0.368387	0.317175	0.138554
scaffold_18	2654503	2669287	0.371477	0.303579	0.131247
scaffold_18	2655461	2671603	0.455492	0.380087	0.168654
scaffold_18	2656446	2674267	0.345051	0.304564	0.128357
scaffold_18	2657070	2677183	0.135519	0.108534	0.050427
scaffold_18	2657710	2679328	-0.034225	-0.027778	-0.013003
scaffold_18	2657991	2680929	0.124898	0.091789	0.049951
scaffold_18	2658722	2681251	0.095693	0.072135	0.036414
scaffold_18	2661834	2682709	0.227899	0.173452	0.089846
scaffold_18	2663077	2684816	0.230205	0.163004	0.085728
scaffold_18	2666064	2686457	0.200264	0.146060	0.078002
scaffold_18	2669980	2690894	0.156884	0.123393	0.066070
scaffold_18	2672779	2697049	0.121025	0.074747	0.043465
scaffold_18	2674659	2698360	0.130753	0.080572	0.047139
scaffold_18	2677248	2700401	0.206040	0.123246	0.072657
scaffold_18	2679538	2713171	0.295406	0.137915	0.085920
scaffold_18	2680951	2715578	0.125941	0.053027	0.031417
scaffold_18	2681430	2722882	0.129301	0.052753	0.032428
scaffold_18	2683593	2726441	0.031510	0.011047	0.007003
scaffold_18	2685009	2734397	0.102926	0.031518	0.020329
scaffold_18	2687046	2736687	-0.020430	-0.006229	-0.003825
scaffold_18	2691190	2739961	-0.084391	-0.024715	-0.015568
scaffold_18	2697153	2746155	-0.128800	-0.035789	-0.021987
scaffold_18	2699460	2748678	-0.124125	-0.033772	-0.020917
scaffold_18	2700510	2752018	-0.141347	-0.037473	-0.023526
scaffold_18	2713226	2752965	-0.081179	-0.026393	-0.016367
scaffold_18	2719685	2761364	-0.074797	-0.023694	-0.014769
scaffold_18	2723464	2763518	-0.030479	-0.010460	-0.006759
scaffold_18	2729550	2767340	-0.129224	-0.049292	-0.031937
scaffold_18	2736095	2768770	-0.202596	-0.090470	-0.058774
scaffold_18	2736987	2770631	-0.195987	-0.086634	-0.058261
scaffold_18	2744064	2773583	-0.142718	-0.063230	-0.042345
scaffold_18	2746530	2778357	-0.182090	-0.088598	-0.056040
scaffold_18	2748948	2787798	-0.219309	-0.101010	-0.061389
scaffold_18	2752355	2793729	-0.248744	-0.109967	-0.067247
scaffold_18	2753051	2797845	-0.235461	-0.094345	-0.057769
scaffold_18	2762830	2806591	-0.281333	-0.106646	-0.067165
scaffold_18	2763712	2822637	-0.319359	-0.086607	-0.058648
scaffold_18	2767423	2827386	-0.363730	-0.096013	-0.061926
scaffold_18	2769232	2832766	-0.113487	-0.030673	-0.019560
scaffold_18	2772095	2835522	0.037079	0.009797	0.006378
scaffold_18	2774299	2848286	0.035241	0.008459	0.005439
scaffold_18	2778776	2855347	0.058778	0.018566	0.011984
scaffold_18	2787881	2856202	0.037115	0.012708	0.008249
scaffold_18	2795814	2861565	-0.006224	-0.002392	-0.001509
scaffold_18	2799481	2867373	-0.137334	-0.060418	-0.037247
scaffold_18	2809445	2872898	-0.081267	-0.039248	-0.023676
scaffold_18	2823811	2879109	-0.033994	-0.022114	-0.011812
scaffold_18	2827578	2882876	0.002716	0.001859	0.000992
scaffold_18	2833864	2887316	-0.073463	-0.044065	-0.024996
scaffold_18	2836720	2891031	-0.215075	-0.127914	-0.068910
scaffold_18	2853247	2895421	-0.184232	-0.110791	-0.059022
scaffold_18	2855421	2897504	-0.234533	-0.128189	-0.067838
scaffold_18	2857657	2899103	-0.164173	-0.087549	-0.047091
scaffold_18	2863551	2903182	-0.068596	-0.035346	-0.019349
scaffold_18	2867630	2905528	0.083495	0.039806	0.021901
scaffold_18	2873835	2917200	0.057241	0.025726	0.013395
scaffold_18	2880405	2919472	-0.013310	-0.006422	-0.003278
scaffold_18	2883468	2923114	-0.091864	-0.041667	-0.021433
scaffold_18	2888666	2927814	-0.133314	-0.065750	-0.032272
scaffold_18	2892052	2935247	-0.020615	-0.010495	-0.004895
scaffold_18	2895753	2938761	-0.024704	-0.013376	-0.006502
scaffold_18	2897740	2946537	-0.147280	-0.086027	-0.040010
scaffold_18	2899193	2948787	-0.195926	-0.105318	-0.050399
scaffold_18	2903349	2951271	-0.319305	-0.189464	-0.091099
scaffold_18	2907230	2958164	-0.289206	-0.157753	-0.079918
scaffold_18	2917815	2961209	-0.307170	-0.176053	-0.093835
scaffold_18	2919504	2962218	-0.249489	-0.141089	-0.077278
scaffold_18	2923646	2964935	-0.155888	-0.080773	-0.047023
scaffold_18	2928872	2968148	-0.144056	-0.081572	-0.044901
scaffold_18	2937771	2971999	-0.058889	-0.033318	-0.020379
scaffold_18	2939538	2974460	-0.087652	-0.050237	-0.030088
scaffold_18	2947202	2977859	0.001743	0.000832	0.000534
scaffold_18	2949277	2982133	0.065564	0.029671	0.019161
scaffold_18	2953544	2984401	0.357354	0.150959	0.098611
scaffold_18	2959016	2993219	0.304079	0.138163	0.086022
scaffold_18	2961242	2995331	0.284590	0.157571	0.096471
scaffold_18	2962328	3005198	0.301779	0.113845	0.077417
scaffold_18	2965167	3015075	0.350858	0.121570	0.081271
scaffold_18	2968581	3015884	0.280495	0.102124	0.069236
scaffold_18	2972451	3016517	0.213138	0.080631	0.053465
scaffold_18	2976004	3016839	0.175981	0.069976	0.046243
scaffold_18	2980213	3018015	0.158458	0.072924	0.046417
scaffold_18	2982238	3023364	0.222222	0.103307	0.068580
scaffold_18	2984531	3026626	0.215170	0.094978	0.062865
scaffold_18	2994432	3028962	0.252812	0.111647	0.074866
scaffold_18	2999275	3033644	0.243009	0.093396	0.061719
scaffold_18	3005212	3039302	0.189211	0.091016	0.053427
scaffold_18	3015240	3043525	0.070904	0.039469	0.022671
scaffold_18	3015904	3045045	0.076711	0.041414	0.024299
scaffold_18	3016593	3050795	0.083302	0.043963	0.026071
scaffold_18	3016982	3054704	0.151673	0.075033	0.044838
scaffold_18	3018200	3061646	0.216660	0.081437	0.052488
scaffold_18	3024051	3066621	0.206723	0.078714	0.048795
scaffold_18	3026715	3070572	0.149413	0.054278	0.033667
scaffold_18	3029319	3073135	0.174673	0.062874	0.038975
scaffold_18	3034327	3078147	0.231767	0.090076	0.056891
scaffold_18	3040436	3081540	0.284434	0.115665	0.075517
scaffold_18	3043558	3087561	0.470313	0.188344	0.122871
scaffold_18	3047168	3090634	0.539319	0.194444	0.127201
scaffold_18	3051782	3096033	0.576063	0.203328	0.130727
scaffold_18	3054966	3101225	0.562620	0.173020	0.115278
scaffold_18	3062808	3103261	0.499893	0.180097	0.116697
scaffold_18	3069134	3105409	0.456949	0.155407	0.097987
scaffold_18	3070887	3108624	0.509091	0.178937	0.112830
scaffold_18	3073385	3112702	0.446731	0.156808	0.094790
scaffold_18	3078179	3116116	0.303585	0.105851	0.063275
scaffold_18	3084139	3117590	0.336207	0.121050	0.070606
scaffold_18	3088623	3119176	0.134646	0.049869	0.029703
scaffold_18	3090635	3124446	0.117959	0.044790	0.026519
scaffold_18	3096399	3137365	-0.034808	-0.012767	-0.007738
scaffold_18	3102287	3146125	-0.096215	-0.033009	-0.020232
scaffold_18	3104132	3148084	0.046199	0.016836	0.010276
scaffold_18	3105822	3152135	-0.002178	-0.000794	-0.000488
scaffold_18	3109900	3157762	-0.000000	-0.000000	-0.000000
scaffold_18	3112812	3159872	0.007874	0.002926	0.001803
scaffold_18	3116686	3165452	0.133730	0.043742	0.028086
scaffold_18	3117591	3168567	-0.007837	-0.002540	-0.001571
scaffold_18	3120063	3176066	0.037351	0.010326	0.006422
scaffold_18	3124719	3180347	-0.034972	-0.010462	-0.006151
scaffold_18	3139742	3186170	0.164415	0.048786	0.029480
scaffold_18	3146335	3198903	0.305380	0.098509	0.057877
scaffold_18	3149199	3201409	0.254610	0.082373	0.046914
scaffold_18	3155481	3206506	0.277980	0.088513	0.048760
scaffold_18	3157935	3208794	0.331438	0.112002	0.064567
scaffold_18	3163208	3217009	0.333413	0.109069	0.062517
scaffold_18	3166901	3218332	0.237309	0.087134	0.047556
scaffold_18	3169967	3219882	0.343902	0.135022	0.077885
scaffold_18	3177080	3220411	0.375948	0.175620	0.101311
scaffold_18	3182179	3223708	0.476749	0.232522	0.143022
scaffold_18	3189032	3226538	0.419166	0.220810	0.133569
scaffold_18	3199637	3228425	0.382492	0.259006	0.139250
scaffold_18	3201563	3230953	0.364020	0.209781	0.126586
scaffold_18	3207623	3232405	0.283200	0.177025	0.115654
scaffold_18	3209353	3237305	0.066387	0.043920	0.026056
scaffold_18	3217587	3241974	0.039079	0.027040	0.016403
scaffold_18	3218807	3249359	0.145354	0.085280	0.055839
scaffold_18	3220269	3269121	0.061619	0.023143	0.015982
scaffold_18	3220412	3282260	0.047133	0.013727	0.009663
scaffold_18	3223852	3285393	0.068082	0.020004	0.014414
scaffold_18	3226626	3287729	0.076131	0.021761	0.015826
scaffold_18	3229620	3290539	0.028105	0.007882	0.006000
scaffold_18	3231485	3299341	0.079689	0.023932	0.016994
scaffold_18	3233347	3307032	0.148294	0.046580	0.032354
scaffold_18	3237797	3313168	0.190132	0.057903	0.040047
scaffold_18	3242854	3315010	0.196315	0.059687	0.041583
scaffold_18	3251604	3324747	0.163718	0.050245	0.034326
scaffold_18	3272888	3334313	0.161353	0.058477	0.038414
scaffold_18	3282352	3340053	0.115010	0.046702	0.029266
scaffold_18	3286666	3340204	0.054414	0.022901	0.013654
scaffold_18	3287902	3340447	0.015296	0.007436	0.004261
scaffold_18	3290544	3340873	0.039563	0.020990	0.012124
scaffold_18	3299469	3343790	-0.040164	-0.019303	-0.012246
scaffold_18	3308221	3346124	-0.058466	-0.027199	-0.017742
scaffold_18	3313557	3348221	-0.103293	-0.054309	-0.035485
scaffold_18	3319533	3348300	-0.116651	-0.064811	-0.042448
scaffold_18	3326187	3348643	-0.221854	-0.137022	-0.087273
scaffold_18	3334884	3349587	-0.236311	-0.167143	-0.099125
scaffold_18	3340055	3352772	-0.125733	-0.080321	-0.052151
scaffold_18	3340264	3354684	-0.174893	-0.109668	-0.068529
scaffold_18	3340454	3359959	-0.191573	-0.112860	-0.070860
scaffold_18	3340874	3363901	-0.240623	-0.128886	-0.080189
scaffold_18	3344445	3371465	-0.203638	-0.124390	-0.072358
scaffold_18	3347604	3381728	-0.250201	-0.163378	-0.087582
scaffold_18	3348223	3385734	-0.214815	-0.128603	-0.071649
scaffold_18	3348338	3389288	-0.079455	-0.043928	-0.026321
scaffold_18	3348652	3389995	0.003390	0.001893	0.001166
scaffold_18	3349640	3396496	0.055511	0.028801	0.018933
scaffold_18	3352843	3403500	-0.002533	-0.001519	-0.000937
scaffold_18	3355613	3407579	0.031044	0.016614	0.010753
scaffold_18	3360227	3416345	-0.015586	-0.008303	-0.005254
scaffold_18	3364915	3423480	0.044536	0.022018	0.014065
scaffold_18	3372773	3431074	0.063434	0.029135	0.018463
scaffold_18	3383002	3442990	0.054149	0.021131	0.014090
scaffold_18	3386230	3449456	0.122724	0.043260	0.029380
scaffold_18	3389640	3452757	-0.018239	-0.006352	-0.004212
scaffold_18	3394884	3457819	-0.015940	-0.005179	-0.003440
scaffold_18	3397120	3460429	-0.087497	-0.031359	-0.020202
scaffold_18	3403545	3468341	-0.112079	-0.036004	-0.023457
scaffold_18	3408473	3473824	-0.072104	-0.026089	-0.016768
scaffold_18	3416724	3479947	0.014298	0.004303	0.002805
scaffold_18	3423533	3489193	-0.018346	-0.005156	-0.003132
scaffold_18	3431229	3493636	-0.004701	-0.001398	-0.000863
scaffold_18	3443843	3504758	0.115961	0.034330	0.021079
scaffold_18	3450857	3510583	0.100227	0.032097	0.019141
scaffold_18	3453137	3513138	0.152723	0.048939	0.027783
scaffold_18	3457970	3516165	0.216912	0.075787	0.043858
scaffold_18	3460506	3517741	0.235521	0.080608	0.046458
scaffold_18	3469056	3521615	0.254386	0.096090	0.056125
scaffold_18	3475279	3526038	0.314953	0.112671	0.064559
scaffold_18	3480104	3528342	0.324935	0.122366	0.070908
scaffold_18	3492480	3533664	0.258588	0.113722	0.066650
scaffold_18	3493786	3537265	0.215913	0.095951	0.056535
scaffold_18	3504927	3541196	0.021658	0.011754	0.006512
scaffold_18	3510584	3542479	0.019633	0.011696	0.006741
scaffold_18	3513180	3546223	0.044884	0.021498	0.013647
scaffold_18	3516490	3549974	-0.081622	-0.037575	-0.023134
scaffold_18	3518627	3553496	-0.021483	-0.010448	-0.006392
scaffold_18	3522101	3556017	-0.050206	-0.025670	-0.015069
scaffold_18	3527401	3557491	-0.102883	-0.053948	-0.032402
scaffold_18	3528542	3563408	-0.116433	-0.064807	-0.036959
scaffold_18	3533800	3565408	-0.101808	-0.055443	-0.033390
scaffold_18	3538557	3569419	-0.100834	-0.053716	-0.031221
scaffold_18	3541614	3571868	0.150545	0.079013	0.051793
scaffold_18	3543221	3573016	0.229309	0.110224	0.072864
scaffold_18	3547126	3574474	0.198642	0.117647	0.071168
scaffold_18	3550184	3575607	0.203612	0.147356	0.083671
scaffold_18	3553574	3578405	0.141279	0.106719	0.057919
scaffold_18	3556067	3579134	0.156069	0.125665	0.067912
scaffold_18	3558297	3588175	0.190314	0.130006	0.073952
scaffold_18	3563830	3589955	0.189517	0.133840	0.078884
scaffold_18	3565846	3594720	0.272727	0.177512	0.110930
scaffold_18	3570558	3605254	0.298107	0.174838	0.113106
scaffold_18	3571913	3608519	0.280500	0.149361	0.088324
scaffold_18	3573038	3617968	0.188926	0.084697	0.051893
scaffold_18	3574619	3621447	0.279726	0.126352	0.079215
scaffold_18	3575795	3626075	0.174942	0.073056	0.045805
scaffold_18	3578433	3630459	0.226891	0.083610	0.052886
scaffold_18	3579226	3634378	0.296047	0.102869	0.066522
scaffold_18	3588266	3638682	0.276820	0.105598	0.065730
scaffold_18	3591602	3642106	0.424242	0.170829	0.110743
scaffold_18	3595466	3647344	0.235205	0.102369	0.063999
scaffold_18	3606097	3654313	0.248808	0.112644	0.069180
scaffold_18	3610285	3655473	0.153798	0.073862	0.044905
scaffold_18	3618095	3656196	0.185364	0.100606	0.059456
scaffold_18	3621640	3667428	-0.002540	-0.001156	-0.000683
scaffold_18	3626669	3671062	0.082126	0.035343	0.021092
scaffold_18	3631045	3673562	0.131846	0.060763	0.037761
scaffold_18	3636117	3682754	-0.043508	-0.017680	-0.010368
scaffold_18	3640178	3688926	-0.097112	-0.037255	-0.022036
scaffold_18	3642650	3689979	-0.306088	-0.109763	-0.062274
scaffold_18	3648146	3697710	-0.214572	-0.061814	-0.035696
scaffold_18	3655286	3699134	-0.238833	-0.069915	-0.041573
scaffold_18	3655474	3699921	-0.174968	-0.056958	-0.034164
scaffold_18	3656410	3701102	-0.211672	-0.076367	-0.044620
scaffold_18	3668635	3702961	-0.115753	-0.058003	-0.032149
scaffold_18	3671965	3712859	-0.210932	-0.126058	-0.067558
scaffold_18	3674082	3716917	-0.343757	-0.209059	-0.106690
scaffold_18	3683768	3725262	-0.173902	-0.103570	-0.061422
scaffold_18	3688947	3728711	-0.159175	-0.098540	-0.058190
scaffold_18	3690440	3743133	-0.227712	-0.107132	-0.063810
scaffold_18	3697978	3746012	-0.245431	-0.134710	-0.079958
scaffold_18	3699184	3752026	-0.236177	-0.123032	-0.074485
scaffold_18	3700102	3756911	-0.207551	-0.091892	-0.057314
scaffold_18	3701457	3759871	-0.179230	-0.072337	-0.045366
scaffold_18	3703545	3764763	-0.134691	-0.046918	-0.029302
scaffold_18	3714434	3768932	-0.086394	-0.028928	-0.018322
scaffold_18	3719204	3770115	-0.142567	-0.050431	-0.030981
scaffold_18	3725263	3774544	-0.168625	-0.064215	-0.038168
scaffold_18	3730162	3780583	-0.173861	-0.071703	-0.042714
scaffold_18	3743305	3781665	-0.124117	-0.068106	-0.038798
scaffold_18	3746809	3785928	-0.014538	-0.007933	-0.004569
scaffold_18	3752379	3788410	-0.117335	-0.076092	-0.039216
scaffold_18	3757287	3795319	-0.148880	-0.099086	-0.050342
scaffold_18	3760154	3796196	-0.146241	-0.110073	-0.053360
scaffold_18	3766928	3801041	-0.180773	-0.134428	-0.063716
scaffold_18	3769279	3804054	-0.010051	-0.006676	-0.003421
scaffold_18	3770170	3808598	0.195958	0.111345	0.063367
scaffold_18	3777867	3833894	0.163255	0.088980	0.049715
scaffold_18	3780926	3835001	0.206230	0.111937	0.060923
scaffold_18	3782170	3840416	0.227997	0.097618	0.058705
scaffold_18	3786244	3849831	0.104562	0.046880	0.027648
scaffold_18	3788912	3857446	0.075949	0.029168	0.017212
scaffold_18	3795824	3860443	0.110443	0.042882	0.025512
scaffold_18	3796197	3860904	0.154879	0.057854	0.036095
scaffold_18	3802107	3863338	0.070811	0.029970	0.019096
scaffold_18	3804839	3868411	-0.062620	-0.024508	-0.014978
scaffold_18	3808617	3879159	-0.084913	-0.031968	-0.019357
scaffold_18	3834024	3883449	0.062500	0.023973	0.014276
scaffold_18	3836792	3891674	0.170107	0.058407	0.035603
scaffold_18	3843676	3905653	0.113887	0.039092	0.022677
scaffold_18	3850273	3911432	0.165700	0.049640	0.028662
scaffold_18	3859847	3921156	0.313976	0.083716	0.048413
scaffold_18	3860661	3923347	0.271475	0.072138	0.040943
scaffold_18	3860979	3930894	0.225308	0.057879	0.033033
scaffold_18	3864313	3940851	0.401648	0.084819	0.050623
scaffold_18	3870334	3951760	0.452177	0.092361	0.056777
scaffold_18	3879614	3955277	0.476255	0.100236	0.061224
scaffold_18	3889656	3963732	0.248363	0.050245	0.030036
scaffold_18	3891742	3969942	0.116516	0.025000	0.014645
scaffold_18	3908842	3971538	0.073524	0.020159	0.011853
scaffold_18	3915182	3981897	0.150254	0.036954	0.023096
scaffold_18	3921401	3992998	0.142857	0.033326	0.022310
scaffold_18	3923390	4002519	0.131826	0.030665	0.019762
scaffold_18	3931624	4009846	0.039259	0.009170	0.005742
scaffold_18	3942148	4017801	0.123656	0.027772	0.017850
scaffold_18	3952076	4020875	0.114090	0.026214	0.016614
scaffold_18	3956931	4028754	0.232406	0.052139	0.033854
scaffold_18	3964177	4031758	0.294314	0.065306	0.043328
scaffold_18	3969943	4038080	0.358025	0.083288	0.056953
scaffold_18	3971891	4041336	0.393807	0.085966	0.058744
scaffold_18	3983484	4053422	0.283475	0.078095	0.051611
scaffold_18	3998904	4060958	0.234034	0.076801	0.047944
scaffold_18	4004349	4067438	0.259745	0.083617	0.053304
scaffold_18	4010227	4074709	0.347019	0.123217	0.076451
scaffold_18	4019460	4078237	0.284733	0.118124	0.066086
scaffold_18	4021280	4079643	0.358680	0.157004	0.091444
scaffold_18	4029613	4082922	0.246749	0.125032	0.068303
scaffold_18	4034019	4088832	0.245144	0.124776	0.067844
scaffold_18	4038114	4092312	0.203390	0.097283	0.051465
scaffold_18	4047637	4098448	0.268617	0.101361	0.057290
scaffold_18	4053490	4104208	0.375635	0.121683	0.073141
scaffold_18	4061797	4113103	0.438506	0.130517	0.081283
scaffold_18	4072441	4115425	0.443377	0.143859	0.090827
scaffold_18	4076159	4119406	0.468575	0.136265	0.090483
scaffold_18	4078398	4121158	0.542518	0.150182	0.107610
scaffold_18	4079907	4123308	0.504029	0.129616	0.090909
scaffold_18	4083532	4125007	0.554848	0.137231	0.098828
scaffold_18	4088891	4129057	0.620013	0.156617	0.112763
scaffold_18	4094757	4136489	0.541896	0.154657	0.110474
scaffold_18	4099562	4139326	0.542731	0.182735	0.123964
scaffold_18	4104700	4141615	0.524043	0.191912	0.122739
scaffold_18	4113469	4148029	0.431295	0.154644	0.098944
scaffold_18	4115568	4149918	0.337483	0.119730	0.075303
scaffold_18	4119414	4150859	0.245370	0.091877	0.055764
scaffold_18	4121227	4154918	0.220477	0.078139	0.048487
scaffold_18	4123784	4158214	0.229909	0.077944	0.048512
scaffold_18	4125009	4159645	0.268402	0.096449	0.059283
scaffold_18	4130739	4162995	0.147887	0.052300	0.032115
scaffold_18	4137126	4167273	0.153572	0.048496	0.030456
scaffold_18	4139373	4170290	0.244610	0.079545	0.052347
scaffold_18	4141634	4174800	0.167598	0.057129	0.035362
scaffold_18	4148295	4181466	0.257891	0.084896	0.051737
scaffold_18	4150074	4188510	0.394980	0.116448	0.068052
scaffold_18	4151511	4195497	0.490442	0.117707	0.072266
scaffold_18	4154930	4204763	0.502467	0.121117	0.072062
scaffold_18	4158443	4208120	0.404651	0.107689	0.064126
scaffold_18	4160032	4211071	0.351526	0.086070	0.049486
scaffold_18	4165291	4215074	0.478999	0.124831	0.072568
scaffold_18	4167462	4218612	0.430838	0.112688	0.064363
scaffold_18	4170602	4220532	0.381932	0.093743	0.053556
scaffold_18	4177365	4223375	0.418541	0.099674	0.060379
scaffold_18	4181524	4225541	0.433231	0.116825	0.070969
scaffold_18	4189473	4228428	0.348681	0.108052	0.070800
scaffold_18	4198554	4231058	0.354658	0.122882	0.080198
scaffold_18	4205156	4236739	0.318493	0.098823	0.067436
scaffold_18	4209642	4242390	0.346020	0.090764	0.061828
scaffold_18	4211428	4252875	0.254155	0.061027	0.041960
scaffold_18	4216340	4256971	0.050808	0.012907	0.008724
scaffold_18	4219071	4262110	0.085151	0.022227	0.014860
scaffold_18	4221289	4264585	-0.010312	-0.002644	-0.001783
scaffold_18	4223819	4272377	0.047894	0.011128	0.007413
scaffold_18	4226472	4278531	-0.041344	-0.009742	-0.006516
scaffold_18	4229665	4279377	-0.089797	-0.020248	-0.013449
scaffold_18	4232185	4288246	-0.184143	-0.039192	-0.025869
scaffold_18	4236941	4288806	-0.037386	-0.010441	-0.006681
scaffold_18	4248282	4294087	-0.183280	-0.066487	-0.039628
scaffold_18	4253686	4297154	-0.155963	-0.066363	-0.039133
scaffold_18	4257729	4305582	-0.053239	-0.019005	-0.011669
scaffold_18	4262183	4310311	-0.022550	-0.007750	-0.005067
scaffold_18	4266178	4313649	0.046191	0.016739	0.011048
scaffold_18	4273146	4318068	0.011057	0.004715	0.003010
scaffold_18	4278555	4321584	0.020004	0.008648	0.005551
scaffold_18	4285264	4325992	0.009593	0.003378	0.002206
scaffold_18	4288263	4333537	-0.063686	-0.025711	-0.016187
scaffold_18	4289043	4341337	-0.065421	-0.021948	-0.014356
scaffold_18	4295024	4342886	0.182609	0.058989	0.041827
scaffold_18	4299473	4343141	0.401297	0.154560	0.113011
scaffold_18	4307890	4343536	0.401903	0.192251	0.133727
scaffold_18	4310371	4343997	0.486610	0.260763	0.182260
scaffold_18	4314114	4359390	0.576630	0.311064	0.215659
scaffold_18	4319148	4366471	0.640903	0.349348	0.243090
scaffold_18	4321799	4370455	0.716530	0.418779	0.293100
scaffold_18	4326987	4370955	0.782569	0.534891	0.387599
scaffold_18	4333737	4372828	0.892564	0.615920	0.469597
scaffold_18	4341801	4374728	0.900904	0.665887	0.505706
scaffold_18	4342889	4388057	0.916581	0.627734	0.463850
scaffold_18	4343170	4398162	0.872355	0.530403	0.379637
scaffold_18	4343744	4402260	0.873185	0.485701	0.362584
scaffold_18	4344022	4406514	0.765306	0.409961	0.298112
scaffold_18	4359964	4407646	0.675124	0.355780	0.264389
scaffold_18	4368061	4419278	0.593348	0.289422	0.210974
scaffold_18	4370506	4424152	0.523374	0.230226	0.166087
scaffold_18	4370989	4432638	0.346854	0.117616	0.082826
scaffold_18	4372870	4437104	0.167549	0.053421	0.036524
scaffold_18	4374733	4448206	0.004734	0.001250	0.000847
scaffold_18	4393685	4456078	-0.070480	-0.018533	-0.012607
scaffold_18	4398621	4468277	0.052129	0.014342	0.010010
scaffold_18	4403365	4475291	0.071090	0.017522	0.012034
scaffold_18	4406911	4478538	0.170854	0.042341	0.029244
scaffold_18	4409779	4485393	0.191105	0.042969	0.028447
scaffold_18	4420329	4490147	0.229640	0.051186	0.035169
scaffold_18	4427422	4495517	0.194502	0.044978	0.030987
scaffold_18	4433202	4502628	0.125555	0.030756	0.020766
scaffold_18	4443084	4508616	0.226052	0.054702	0.037215
scaffold_18	4448449	4511504	0.308783	0.098404	0.066128
scaffold_18	4456256	4513402	0.194755	0.074476	0.047982
scaffold_18	4468326	4514755	-0.039088	-0.017321	-0.010212
scaffold_18	4475978	4517032	-0.106188	-0.053318	-0.031387
scaffold_18	4479507	4522917	-0.133333	-0.058067	-0.035386
scaffold_18	4486040	4526231	-0.178125	-0.086794	-0.055972
scaffold_18	4490199	4531622	-0.152634	-0.078674	-0.052241
scaffold_18	4498375	4542551	-0.094391	-0.043315	-0.029114
scaffold_18	4507691	4547134	-0.152234	-0.069792	-0.046281
scaffold_18	4508688	4553418	-0.262579	-0.110486	-0.073682
scaffold_18	4512075	4558067	-0.244898	-0.087444	-0.059474
scaffold_18	4513463	4559051	-0.189174	-0.061681	-0.042070
scaffold_18	4514899	4563883	-0.040541	-0.011923	-0.008314
scaffold_18	4517119	4571143	0.020560	0.006091	0.004270
scaffold_18	4522951	4573085	0.061907	0.019776	0.013719
scaffold_18	4528786	4574258	0.081555	0.025585	0.017627
scaffold_18	4531814	4575584	0.098456	0.030806	0.020736
scaffold_18	4543042	4579420	0.148045	0.058514	0.038822
scaffold_18	4549936	4579829	0.301439	0.137491	0.092629
scaffold_18	4555861	4580876	0.194542	0.113100	0.068068
scaffold_18	4558393	4583950	0.260009	0.205946	0.121376
scaffold_18	4560265	4586507	0.277316	0.237587	0.148482
scaffold_18	4564886	4588353	0.168582	0.165872	0.105636
scaffold_18	4571189	4590000	0.143355	0.164565	0.096581
scaffold_18	4573512	4590688	0.014903	0.015942	0.009464
scaffold_18	4574282	4591873	-0.108576	-0.109394	-0.065621
scaffold_18	4577696	4592461	-0.148856	-0.125395	-0.081219
scaffold_18	4579534	4593031	-0.237583	-0.186506	-0.124582
scaffold_18	4580382	4594017	-0.317993	-0.253153	-0.163435
scaffold_18	4583464	4594375	-0.355619	-0.290698	-0.191314
scaffold_18	4584096	4595514	-0.432802	-0.355916	-0.232416
scaffold_18	4588045	4596673	-0.492659	-0.395159	-0.252456
scaffold_18	4588396	4598191	-0.516105	-0.388247	-0.245174
scaffold_18	4590051	4599982	-0.468189	-0.338769	-0.222222
scaffold_18	4591268	4601737	-0.465508	-0.334621	-0.214569
scaffold_18	4592231	4603651	-0.348794	-0.252598	-0.165925
scaffold_18	4592737	4605462	-0.312780	-0.298460	-0.173702
scaffold_18	4593225	4606547	-0.299773	-0.327558	-0.175199
scaffold_18	4594024	4607925	-0.325792	-0.323111	-0.179925
scaffold_18	4594610	4609627	-0.201260	-0.141434	-0.087871
scaffold_18	4595517	4610801	-0.252216	-0.173721	-0.102842
scaffold_18	4596908	4611327	-0.156933	-0.098901	-0.065015
scaffold_18	4599422	4611943	-0.086420	-0.048724	-0.033686
scaffold_18	4599997	4613686	-0.212791	-0.121333	-0.079401
scaffold_18	4602477	4616778	-0.239421	-0.140641	-0.091980
scaffold_18	4603846	4621703	-0.232788	-0.122440	-0.081073
scaffold_18	4605477	4623437	-0.302394	-0.172587	-0.106073
scaffold_18	4607280	4632589	-0.309647	-0.160225	-0.099128
scaffold_18	4607971	4636045	-0.135939	-0.062064	-0.040723
scaffold_18	4609875	4640178	-0.151681	-0.072521	-0.047327
scaffold_18	4610921	4645516	-0.209925	-0.105551	-0.066862
scaffold_18	4611479	4653494	-0.321395	-0.152662	-0.088205
scaffold_18	4612164	4658077	-0.378360	-0.174793	-0.092166
scaffold_18	4614220	4663944	-0.388525	-0.171814	-0.091182
scaffold_18	4617397	4680631	-0.330903	-0.119959	-0.064100
scaffold_18	4622196	4682406	-0.313403	-0.122449	-0.063664
scaffold_18	4628578	4687528	-0.183614	-0.062541	-0.035334
scaffold_18	4633568	4691648	-0.019281	-0.007578	-0.004219
scaffold_18	4637149	4693503	-0.183424	-0.078782	-0.042293
scaffold_18	4641598	4696755	-0.118852	-0.052958	-0.027933
scaffold_18	4650013	4705478	0.042907	0.016504	0.009342
scaffold_18	4653874	4708369	0.084954	0.036344	0.020225
scaffold_18	4661106	4713146	0.095786	0.045607	0.026574
scaffold_18	4664094	4714498	0.081818	0.041284	0.024523
scaffold_18	4680915	4718431	0.109546	0.063091	0.040462
scaffold_18	4682587	4719215	0.092875	0.055975	0.034426
scaffold_18	4688255	4720498	0.063531	0.045359	0.027044
scaffold_18	4692338	4723892	0.011401	0.008224	0.004771
scaffold_18	4693870	4725202	0.131448	0.097591	0.055850
scaffold_18	4699342	4725917	0.076560	0.059126	0.034264
scaffold_18	4705749	4729460	-0.004177	-0.003374	-0.001870
scaffold_18	4711310	4735358	-0.012651	-0.010316	-0.005660
scaffold_18	4713149	4736998	-0.100671	-0.086336	-0.043810
scaffold_18	4714758	4739453	-0.001818	-0.001425	-0.000752
scaffold_18	4718432	4741990	-0.024054	-0.020921	-0.010101
scaffold_18	4719437	4747903	0.001947	0.001465	0.000748
scaffold_18	4720569	4751060	0.125867	0.077628	0.043628
scaffold_18	4723967	4755647	0.054472	0.035179	0.019081
scaffold_18	4725562	4757563	0.017891	0.011671	0.006302
scaffold_18	4726008	4761262	0.029364	0.016384	0.009268
scaffold_18	4730823	4766168	0.041071	0.026163	0.013941
scaffold_18	4735375	4768565	0.022817	0.014571	0.008224
scaffold_18	4737418	4769652	0.202545	0.130653	0.080296
scaffold_18	4740166	4771902	0.230369	0.157520	0.096363
scaffold_18	4742606	4773593	0.213118	0.156971	0.096426
scaffold_18	4747969	4782347	0.208491	0.122492	0.079620
scaffold_18	4751482	4789007	0.174349	0.103203	0.065704
scaffold_18	4755666	4794148	0.228937	0.129453	0.087185
scaffold_18	4758458	4797613	0.316307	0.164255	0.115155
scaffold_18	4762754	4803377	0.296449	0.175342	0.118299
scaffold_18	4766299	4805993	0.336923	0.186224	0.133986
scaffold_18	4769192	4810748	0.371452	0.205935	0.145674
scaffold_18	4770882	4810885	0.211290	0.129486	0.084467
scaffold_18	4772005	4812859	0.117779	0.072016	0.043818
scaffold_18	4774022	4814113	0.173498	0.103258	0.063424
scaffold_18	4784552	4818626	0.161408	0.126156	0.074204
scaffold_18	4789015	4823326	0.136175	0.111186	0.065313
scaffold_18	4794800	4823370	0.146716	0.124547	0.073536
scaffold_18	4797910	4824064	0.118696	0.111548	0.062638
scaffold_18	4803457	4824708	0.191334	0.168413	0.098030
scaffold_18	4806106	4824833	0.261529	0.260377	0.148069
scaffold_18	4810749	4825074	0.341503	0.331455	0.200341
scaffold_18	4811099	4830549	0.330608	0.284404	0.178059
scaffold_18	4812963	4835361	0.292054	0.258555	0.151786
scaffold_18	4814954	4835905	0.246166	0.207767	0.122076
scaffold_18	4819097	4837264	0.251534	0.251791	0.144791
scaffold_18	4823336	4841443	0.196253	0.233296	0.126769
scaffold_18	4823894	4843601	0.185931	0.214362	0.113572
scaffold_18	4824118	4844467	0.154683	0.186528	0.098093
scaffold_18	4824742	4845700	0.153005	0.192534	0.102510
scaffold_18	4824846	4847719	0.128947	0.149584	0.081612
scaffold_18	4825268	4854232	0.023449	0.023948	0.013426
scaffold_18	4830818	4874080	0.101040	0.100608	0.056654
scaffold_18	4835405	4876254	0.151993	0.141956	0.089392
scaffold_18	4835933	4878959	0.125113	0.114286	0.070796
scaffold_18	4837266	4882931	0.158239	0.124294	0.080053
scaffold_18	4841803	4886735	0.157895	0.118178	0.074063
scaffold_18	4843617	4887223	0.169051	0.124046	0.079099
scaffold_18	4845226	4888642	0.214579	0.147626	0.094893
scaffold_18	4846137	4892198	0.171158	0.111639	0.067684
scaffold_18	4849514	4893463	0.103640	0.073471	0.043264
scaffold_18	4854303	4898870	0.142820	0.102983	0.058448
scaffold_18	4874164	4902722	0.123767	0.080513	0.046637
scaffold_18	4876708	4911810	0.098361	0.054482	0.031774
scaffold_18	4880832	4934431	0.261893	0.132488	0.076480
scaffold_18	4883133	4940131	0.097913	0.041953	0.025067
scaffold_18	4887095	4942424	-0.070498	-0.031871	-0.019532
scaffold_18	4887297	4942874	-0.274995	-0.130940	-0.081046
scaffold_18	4888688	4943185	-0.411061	-0.218804	-0.133900
scaffold_18	4892578	4944363	-0.467281	-0.243918	-0.155227
scaffold_18	4894553	4946279	-0.497169	-0.249896	-0.159046
scaffold_18	4899572	4946772	-0.536502	-0.293530	-0.183247
scaffold_18	4904587	4947433	-0.565873	-0.341770	-0.210395
scaffold_18	4916805	4950327	-0.584544	-0.380155	-0.231191
scaffold_18	4936361	4960250	-0.680394	-0.455574	-0.280633
scaffold_18	4941096	4965661	-0.592920	-0.437908	-0.260944
scaffold_18	4942451	4970650	-0.546410	-0.397450	-0.235482
scaffold_18	4942908	4977694	-0.494379	-0.377883	-0.209202
scaffold_18	4943335	4980647	-0.402427	-0.290617	-0.163383
scaffold_18	4944501	4983326	-0.285986	-0.231017	-0.123584
scaffold_18	4946301	4984948	-0.258736	-0.199626	-0.108541
scaffold_18	4946854	4996399	-0.164346	-0.087912	-0.052689
scaffold_18	4947711	5000925	-0.002538	-0.001139	-0.000698
scaffold_18	4958043	5005533	-0.016474	-0.006957	-0.004316
scaffold_18	4960283	5007713	-0.086705	-0.039758	-0.024255
scaffold_18	4965672	5009267	-0.197563	-0.092427	-0.055719
scaffold_18	4972580	5011239	-0.209915	-0.093697	-0.054953
scaffold_18	4977713	5013490	-0.087508	-0.035770	-0.022677
scaffold_18	4980768	5016615	-0.032394	-0.012627	-0.008215
scaffold_18	4983336	5021147	-0.050420	-0.019145	-0.012329
scaffold_18	4990795	5022253	-0.071016	-0.029099	-0.018194
scaffold_18	4997068	5023708	-0.047929	-0.024194	-0.014055
scaffold_18	5003405	5027489	-0.021237	-0.010351	-0.006049
scaffold_18	5006333	5031142	0.097166	0.049196	0.028154
scaffold_18	5007796	5032353	0.071077	0.034984	0.020732
scaffold_18	5010780	5036161	0.019481	0.009446	0.005598
scaffold_18	5011588	5037821	-0.089479	-0.047089	-0.028387
scaffold_18	5013582	5041157	-0.187500	-0.103710	-0.061149
scaffold_18	5019510	5042497	-0.185585	-0.107548	-0.061704
scaffold_18	5021462	5046179	-0.219128	-0.117201	-0.071063
scaffold_18	5022513	5046906	-0.160341	-0.086394	-0.053104
scaffold_18	5026963	5047630	-0.262040	-0.162566	-0.098013
scaffold_18	5028105	5053248	-0.201155	-0.117100	-0.073677
scaffold_18	5031184	5057677	-0.258080	-0.148604	-0.095615
scaffold_18	5032722	5058544	-0.170756	-0.097767	-0.063824
scaffold_18	5036420	5062962	-0.133404	-0.076329	-0.049675
scaffold_18	5038831	5067967	-0.046154	-0.021371	-0.014103
scaffold_18	5041198	5070723	-0.022679	-0.010126	-0.006509
scaffold_18	5045250	5073775	-0.092247	-0.040923	-0.025134
scaffold_18	5046303	5076638	-0.037774	-0.016921	-0.009603
scaffold_18	5047143	5078199	-0.155109	-0.074292	-0.039648
scaffold_18	5047742	5081630	0.074758	0.027108	0.016359
scaffold_18	5053351	5084335	-0.093702	-0.037286	-0.019760
scaffold_18	5057776	5088313	-0.089153	-0.036810	-0.019500
scaffold_18	5062139	5089211	-0.161355	-0.084693	-0.043242
scaffold_18	5065028	5089763	-0.155383	-0.095208	-0.049371
scaffold_18	5068918	5092352	-0.040751	-0.031908	-0.016810
scaffold_18	5071136	5095034	-0.131398	-0.121383	-0.059168
scaffold_18	5075256	5097763	-0.082182	-0.073446	-0.037512
scaffold_18	5076790	5105267	-0.004653	-0.004260	-0.002316
scaffold_18	5078511	5109186	0.058240	0.048128	0.028481
scaffold_18	5082245	5110891	0.024654	0.023945	0.013076
scaffold_18	5085762	5118690	0.059110	0.051127	0.031010
scaffold_18	5088683	5124003	0.045762	0.039705	0.023279
scaffold_18	5089230	5129320	0.026243	0.019699	0.011564
scaffold_18	5089962	5133017	0.029471	0.020323	0.011825
scaffold_18	5092573	5133477	-0.081638	-0.057367	-0.031478
scaffold_18	5095214	5133958	0.108311	0.067430	0.041732
scaffold_18	5099347	5134046	0.079787	0.048872	0.029789
scaffold_18	5107302	5136676	0.035757	0.021962	0.013004
scaffold_18	5109277	5137241	-0.049346	-0.031733	-0.018310
scaffold_18	5111285	5140030	-0.080162	-0.049587	-0.028683
scaffold_18	5119996	5143636	-0.133511	-0.105405	-0.055215
scaffold_18	5125961	5144889	-0.180987	-0.155514	-0.082171
scaffold_18	5130473	5146513	-0.009245	-0.009191	-0.004916
scaffold_18	5133190	5147415	0.045113	0.051973	0.024032
scaffold_18	5133551	5147540	0.077716	0.085890	0.041368
scaffold_18	5133959	5147883	0.004370	0.005319	0.002414
scaffold_18	5134414	5148103	-0.064263	-0.076748	-0.036621
scaffold_18	5136683	5148624	-0.131524	-0.166271	-0.076839
scaffold_18	5137336	5149377	-0.117492	-0.139956	-0.067201
scaffold_18	5140723	5150645	-0.029459	-0.035303	-0.017601
scaffold_18	5144207	5150794	0.016146	0.019490	0.009767
scaffold_18	5145018	5150966	0.082435	0.097451	0.050485
scaffold_18	5146571	5151997	-0.007925	-0.009624	-0.004863
scaffold_18	5147424	5154863	-0.071109	-0.077055	-0.043000
scaffold_18	5147567	5158528	-0.111771	-0.108235	-0.060288
scaffold_18	5148035	5161620	-0.123450	-0.118314	-0.064317
scaffold_18	5148212	5164846	0.053097	0.045344	0.026193
scaffold_18	5148632	5165149	0.078723	0.069807	0.041793
scaffold_18	5149556	5165387	0.094737	0.095652	0.055061
scaffold_18	5150672	5170104	0.033238	0.034483	0.019520
scaffold_18	5150885	5175630	0.021435	0.018669	0.011187
scaffold_18	5151072	5178816	-0.051813	-0.047657	-0.027574
scaffold_18	5152839	5180341	-0.025862	-0.022205	-0.013146
scaffold_18	5155050	5181748	-0.048766	-0.045113	-0.026812
scaffold_18	5159315	5184779	-0.041000	-0.044173	-0.025405
scaffold_18	5162122	5187199	0.032627	0.032958	0.020742
scaffold_18	5165101	5190896	-0.083004	-0.094869	-0.053261
scaffold_18	5165154	5192558	-0.063587	-0.065880	-0.036552
scaffold_18	5165399	5201055	0.066136	0.056738	0.033195
scaffold_18	5170174	5203237	0.076923	0.063025	0.036110
scaffold_18	5176076	5207907	0.110402	0.095331	0.053817
scaffold_18	5179036	5211167	0.167915	0.133208	0.074776
scaffold_18	5181203	5215202	0.110423	0.096099	0.050500
scaffold_18	5181942	5222441	0.310442	0.232394	0.129870
scaffold_18	5185205	5234471	0.260827	0.160119	0.080515
scaffold_18	5188044	5244010	0.268932	0.137401	0.069424
scaffold_18	5191854	5262154	0.255552	0.103047	0.054938
scaffold_18	5193357	5262939	0.239691	0.097753	0.052310
scaffold_18	5201056	5270541	0.190809	0.072707	0.038988
scaffold_18	5203369	5274423	0.181258	0.068893	0.037340
scaffold_18	5207983	5275234	0.195027	0.074802	0.041192
scaffold_18	5211738	5276115	0.179603	0.069532	0.038882
scaffold_18	5215528	5278197	0.270968	0.098196	0.057478
scaffold_18	5223125	5278811	0.202020	0.079797	0.047332
scaffold_18	5234535	5279355	0.264990	0.122070	0.080619
scaffold_18	5251732	5283137	0.232984	0.113088	0.078971
scaffold_18	5262372	5286662	0.233034	0.149293	0.099860
scaffold_18	5263890	5296158	0.256069	0.131484	0.089149
scaffold_18	5271898	5301309	0.149717	0.078623	0.052918
scaffold_18	5274520	5307472	0.154118	0.079814	0.055556
scaffold_18	5275591	5312482	0.138030	0.068340	0.045772
scaffold_18	5276236	5318248	0.095166	0.044087	0.029126
scaffold_18	5278338	5321961	0.113823	0.053202	0.035155
scaffold_18	5278855	5324982	0.022884	0.010299	0.006606
scaffold_18	5280095	5328439	0.038441	0.015827	0.010076
scaffold_18	5283428	5336164	-0.053808	-0.024696	-0.014249
scaffold_18	5292393	5341429	-0.031384	-0.012593	-0.007738
scaffold_18	5296206	5350260	-0.117818	-0.050819	-0.030514
scaffold_18	5301955	5352292	-0.120432	-0.056604	-0.033563
scaffold_18	5307996	5358607	-0.135920	-0.056400	-0.033548
scaffold_18	5313206	5373665	-0.172643	-0.067595	-0.039547
scaffold_18	5318872	5382362	-0.151958	-0.054388	-0.031334
scaffold_18	5322011	5383892	-0.106236	-0.038409	-0.022179
scaffold_18	5326316	5387701	-0.059322	-0.020115	-0.011672
scaffold_18	5329594	5394436	-0.052777	-0.017195	-0.010270
scaffold_18	5336239	5401638	0.084135	0.022110	0.013815
scaffold_18	5342595	5411783	0.104494	0.028182	0.016946
scaffold_18	5350842	5421527	0.188914	0.052848	0.031671
scaffold_18	5352302	5423786	0.231798	0.066838	0.038959
scaffold_18	5369173	5424553	0.319704	0.115411	0.067634
scaffold_18	5373998	5424698	0.278433	0.121481	0.072099
scaffold_18	5383049	5425069	0.293581	0.156764	0.085006
scaffold_18	5386102	5429860	0.012484	0.007350	0.003759
scaffold_18	5389957	5430890	-0.120902	-0.080675	-0.037365
scaffold_18	5394439	5432841	-0.198752	-0.160752	-0.065310
scaffold_18	5402320	5440089	-0.225730	-0.207266	-0.069600
scaffold_18	5414837	5449682	-0.157895	-0.129630	-0.049412
scaffold_18	5421797	5461247	-0.219573	-0.183342	-0.067528
scaffold_18	5423923	5466871	-0.191543	-0.135002	-0.054700
scaffold_18	5424571	5469954	-0.251327	-0.156803	-0.064533
scaffold_18	5424815	5474451	-0.222574	-0.112712	-0.050025
scaffold_18	5425228	5480135	-0.150069	-0.070473	-0.034889
scaffold_18	5429905	5482109	-0.002416	-0.001040	-0.000512
scaffold_18	5430895	5483555	0.126846	0.050677	0.027183
scaffold_18	5433245	5487359	0.227191	0.080456	0.045915
scaffold_18	5442541	5490331	0.296047	0.113834	0.076220
scaffold_18	5449842	5493671	0.220029	0.091544	0.058382
scaffold_18	5461477	5496325	0.312243	0.134505	0.086807
scaffold_18	5468936	5496984	0.365667	0.177674	0.114853
scaffold_18	5470938	5500745	0.226770	0.130885	0.075568
scaffold_18	5475197	5504375	0.148289	0.110026	0.057288
scaffold_18	5480640	5506908	0.072910	0.057515	0.028681
scaffold_18	5482211	5507987	-0.078618	-0.069565	-0.031884
scaffold_18	5483556	5515430	-0.088979	-0.064753	-0.029630
scaffold_18	5487556	5520948	-0.028722	-0.023256	-0.010038
scaffold_18	5490898	5529951	-0.103448	-0.062845	-0.028384
scaffold_18	5494050	5534078	-0.025140	-0.014981	-0.007141
scaffold_18	5496382	5542717	-0.110612	-0.061728	-0.029762
scaffold_18	5499158	5549323	-0.286164	-0.144847	-0.074913
scaffold_18	5500814	5552105	-0.305968	-0.158141	-0.082468
scaffold_18	5504388	5552758	-0.201069	-0.110176	-0.058595
scaffold_18	5507300	5554713	-0.239563	-0.139858	-0.070245
scaffold_18	5508362	5556739	-0.132933	-0.067733	-0.036044
scaffold_18	5516441	5570817	-0.099227	-0.048276	-0.026075
scaffold_18	5522013	5583988	-0.188386	-0.091807	-0.048939
scaffold_18	5531600	5585620	-0.220467	-0.127048	-0.065849
scaffold_18	5536399	5589942	-0.249361	-0.143119	-0.074357
scaffold_18	5543129	5595830	-0.179298	-0.094037	-0.053833
scaffold_18	5549490	5597309	-0.069121	-0.035938	-0.020961
scaffold_18	5552345	5603980	0.085736	0.037962	0.021474
scaffold_18	5552770	5610786	0.090125	0.037929	0.022010
scaffold_18	5554914	5612438	0.259731	0.109188	0.066705
scaffold_18	5568593	5613102	0.253649	0.113629	0.069436
scaffold_18	5570843	5614096	0.076673	0.041985	0.024526
scaffold_18	5584353	5622058	0.181217	0.088473	0.054789
scaffold_18	5587928	5622258	0.252011	0.120513	0.075715
scaffold_18	5590010	5622704	0.228667	0.118685	0.072948
scaffold_18	5595955	5627826	0.213292	0.126126	0.068091
scaffold_18	5602369	5629677	0.346479	0.226877	0.122336
scaffold_18	5606277	5643482	0.186010	0.134948	0.074677
scaffold_18	5611336	5655621	0.063482	0.041495	0.022237
scaffold_18	5612575	5662687	-0.023326	-0.014068	-0.007719
scaffold_18	5613803	5667128	-0.043217	-0.025437	-0.014067
scaffold_18	5617645	5685421	0.111011	0.053894	0.029496
scaffold_18	5622106	5690562	-0.013302	-0.006572	-0.003612
scaffold_18	5622276	5695130	0.059715	0.029101	0.015910
scaffold_18	5623501	5706895	0.094779	0.043212	0.024202
scaffold_18	5628256	5709917	0.134941	0.061315	0.036059
scaffold_18	5630069	5710620	-0.061538	-0.026334	-0.014798
scaffold_18	5644213	5715358	0.195984	0.082432	0.048917
scaffold_18	5659385	5729013	0.359607	0.129291	0.076311
scaffold_18	5662709	5731283	0.456577	0.177265	0.104082
scaffold_18	5667129	5734754	0.487974	0.180170	0.110923
scaffold_18	5689633	5735979	0.545637	0.213930	0.142982
scaffold_18	5690814	5736914	0.334018	0.165694	0.099102
scaffold_18	5696036	5737808	0.446633	0.250578	0.156000
scaffold_18	5708415	5740191	0.557198	0.340385	0.208170
scaffold_18	5710234	5740755	0.591372	0.386717	0.230779
scaffold_18	5710621	5741606	0.682633	0.471738	0.283801
scaffold_18	5716376	5746433	0.613749	0.420624	0.247110
scaffold_18	5729121	5748402	0.607007	0.468553	0.270548
scaffold_18	5732917	5750045	0.583848	0.461115	0.258770
scaffold_18	5735066	5752977	0.540807	0.480717	0.253793
scaffold_18	5736097	5753453	0.503938	0.511703	0.252126
scaffold_18	5737127	5763248	0.672694	0.550248	0.300928
scaffold_18	5737969	5775866	0.573979	0.339278	0.191495
scaffold_18	5740192	5782638	0.428445	0.204809	0.120471
scaffold_18	5740758	5792318	0.399225	0.162505	0.095476
scaffold_18	5741888	5800533	0.240765	0.080557	0.047387
scaffold_18	5746825	5804730	0.411269	0.142724	0.082980
scaffold_18	5748744	5809149	0.367100	0.122367	0.070198
scaffold_18	5751758	5814426	0.241019	0.075869	0.044778
scaffold_18	5753040	5821954	0.358311	0.101753	0.061981
scaffold_18	5756848	5825025	0.415244	0.116352	0.071051
scaffold_18	5764555	5835770	0.405187	0.122443	0.073924
scaffold_18	5775986	5836118	0.457878	0.161688	0.093794
scaffold_18	5785818	5837112	0.509777	0.207707	0.118143
scaffold_18	5795661	5837522	0.453297	0.205736	0.120227
scaffold_18	5802196	5838620	0.353013	0.174594	0.099948
scaffold_18	5805011	5852837	0.331945	0.157050	0.098500
scaffold_18	5809831	5853999	0.366181	0.186350	0.126028
scaffold_18	5816049	5858234	0.510603	0.270790	0.181800
scaffold_18	5823047	5862068	0.383530	0.234552	0.152728
scaffold_18	5825046	5864477	0.290620	0.181034	0.118594
scaffold_18	5835780	5868292	0.392503	0.241516	0.148735
scaffold_18	5836466	5869297	0.414806	0.251007	0.157496
scaffold_18	5837382	5878223	0.410273	0.218400	0.137195
scaffold_18	5837686	5890576	0.393978	0.167663	0.103925
scaffold_18	5841632	5899931	0.429895	0.161111	0.100043
scaffold_18	5853312	5908639	0.397236	0.148065	0.089695
scaffold_18	5854024	5914619	0.376160	0.139793	0.083088
scaffold_18	5858396	5915104	0.337609	0.123596	0.072618
scaffold_18	5862401	5920825	0.333180	0.124763	0.073358
scaffold_18	5865490	5922469	0.389756	0.140620	0.083647
scaffold_18	5868747	5930902	0.105652	0.027352	0.017942
scaffold_18	5870962	5932386	0.012728	0.003408	0.002186
scaffold_18	5879538	5974381	-0.131677	-0.032387	-0.020773
scaffold_18	5890919	5983624	-0.111563	-0.028593	-0.018431
scaffold_18	5900039	5988590	-0.239797	-0.066165	-0.040528
scaffold_18	5908677	5991396	-0.271051	-0.075825	-0.046603
scaffold_18	5914715	5993517	-0.247674	-0.071585	-0.044086
scaffold_18	5915736	5996766	-0.249334	-0.071639	-0.042464
scaffold_18	5920981	6003134	-0.213947	-0.057862	-0.034447
scaffold_18	5923895	6006593	-0.312624	-0.087544	-0.050019
scaffold_18	5930903	6012545	-0.230526	-0.098569	-0.047079
scaffold_18	5964647	6015773	-0.254879	-0.103208	-0.048974
scaffold_18	5976513	6016128	-0.126484	-0.070105	-0.029053
scaffold_18	5983695	6016380	-0.011111	-0.008551	-0.003344
scaffold_18	5988934	6018599	0.017928	0.013575	0.005830
scaffold_18	5992155	6019057	0.068105	0.056174	0.023250
scaffold_18	5993651	6021068	0.028472	0.023034	0.009823
scaffold_18	5997621	6022096	0.090846	0.074474	0.034924
scaffold_18	6003170	6022827	0.100000	0.107063	0.044651
scaffold_18	6007412	6027448	0.271991	0.251561	0.118774
scaffold_18	6013114	6027891	0.287520	0.265099	0.130803
scaffold_18	6015825	6028364	0.311852	0.286845	0.152427
scaffold_18	6016320	6029050	0.272396	0.263807	0.144095
scaffold_18	6016738	6030696	0.214286	0.203433	0.110497
scaffold_18	6018735	6035217	0.243295	0.190882	0.110211
scaffold_18	6019353	6039994	0.270163	0.159985	0.104358
scaffold_18	6021520	6047717	0.326312	0.176413	0.114989
scaffold_18	6022573	6051809	0.216360	0.118738	0.075444
scaffold_18	6022947	6054404	0.164815	0.086818	0.054335
scaffold_18	6027569	6061089	0.163647	0.082269	0.051960
scaffold_18	6027895	6063127	0.163072	0.081643	0.052542
scaffold_18	6028453	6067609	0.055602	0.029666	0.017676
scaffold_18	6029101	6069137	0.121375	0.061300	0.037370
scaffold_18	6031596	6070397	-0.000504	-0.000280	-0.000161
scaffold_18	6035317	6077161	-0.008266	-0.004270	-0.002502
scaffold_18	6044009	6079985	-0.058310	-0.031853	-0.018008
scaffold_18	6047839	6089458	-0.050231	-0.028161	-0.015647
scaffold_18	6052986	6105433	0.062975	0.031647	0.018537
scaffold_18	6058205	6109342	0.126610	0.061909	0.037131
scaffold_18	6061987	6112760	-0.010135	-0.005084	-0.002976
scaffold_18	6063133	6117751	-0.048157	-0.023831	-0.013397
scaffold_18	6068130	6118352	0.059746	0.027819	0.016614
scaffold_18	6069478	6120260	-0.035646	-0.017671	-0.009926
scaffold_18	6070912	6126043	0.059972	0.024760	0.014847
scaffold_18	6078062	6129207	0.000683	0.000338	0.000192
scaffold_18	6080355	6139236	-0.050174	-0.027597	-0.013964
scaffold_18	6090411	6147701	-0.197101	-0.115942	-0.056071
scaffold_18	6105863	6150440	-0.352171	-0.287079	-0.121435
scaffold_18	6111124	6163530	-0.269569	-0.175021	-0.082109
scaffold_18	6113316	6165203	-0.160922	-0.103707	-0.052179
scaffold_18	6117779	6174452	-0.133814	-0.070714	-0.039656
scaffold_18	6118358	6175577	-0.129978	-0.068536	-0.039231
scaffold_18	6122948	6176734	-0.112670	-0.055780	-0.033850
scaffold_18	6126045	6181114	-0.120270	-0.061999	-0.036975
scaffold_18	6130203	6182677	-0.108499	-0.056778	-0.034431
scaffold_18	6139243	6183804	-0.087524	-0.044667	-0.028986
scaffold_18	6147763	6184927	0.009875	0.005023	0.003454
scaffold_18	6154648	6185372	0.034543	0.017132	0.011678
scaffold_18	6163868	6185468	-0.127724	-0.088496	-0.054768
scaffold_18	6168190	6185991	-0.178758	-0.145821	-0.081072
scaffold_18	6174457	6187456	-0.178789	-0.188897	-0.090074
scaffold_18	6175661	6190392	-0.195618	-0.177431	-0.083084
scaffold_18	6177327	6195839	-0.246496	-0.210918	-0.099736
scaffold_18	6182190	6206166	-0.252201	-0.208857	-0.093353
scaffold_18	6182762	6208755	-0.244101	-0.207887	-0.091951
scaffold_18	6184158	6212791	-0.282470	-0.272416	-0.103998
scaffold_18	6184940	6218551	-0.304528	-0.290998	-0.108509
scaffold_18	6185399	6222512	-0.232597	-0.220779	-0.083355
scaffold_18	6185555	6222977	-0.255986	-0.230399	-0.088204
scaffold_18	6186004	6223383	-0.246743	-0.206410	-0.084337
scaffold_18	6187822	6225101	-0.178297	-0.143223	-0.061102
scaffold_18	6190921	6229646	-0.177359	-0.157264	-0.065243
scaffold_18	6199117	6231179	-0.092226	-0.090356	-0.033484
scaffold_18	6206388	6231442	-0.095238	-0.125461	-0.044367
scaffold_18	6208785	6234125	-0.059388	-0.074766	-0.026734
scaffold_18	6212821	6237190	0.030840	0.030848	0.013216
scaffold_18	6218746	6246089	0.081997	0.064959	0.029902
scaffold_18	6222640	6251763	0.193599	0.138547	0.068226
scaffold_18	6223139	6259788	0.243961	0.150074	0.078640
scaffold_18	6223394	6262935	0.254171	0.133635	0.075179
scaffold_18	6225734	6272443	0.165507	0.089278	0.048166
scaffold_18	6230722	6276507	0.231296	0.121795	0.067797
scaffold_18	6231203	6289103	0.212129	0.097495	0.058111
scaffold_18	6231451	6290076	0.263958	0.117745	0.071573
scaffold_18	6234608	6301707	0.336152	0.139637	0.083261
scaffold_18	6237245	6304832	0.269694	0.118509	0.071455
scaffold_18	6248389	6312270	0.152257	0.067142	0.041821
scaffold_18	6252923	6317247	0.055073	0.022149	0.013981
scaffold_18	6260812	6320223	0.191257	0.080692	0.053181
scaffold_18	6265090	6326468	0.155292	0.072497	0.044158
scaffold_18	6273113	6331021	0.177300	0.079831	0.050200
scaffold_18	6277135	6335880	0.044034	0.019785	0.012180
scaffold_18	6289342	6340688	-0.033864	-0.015691	-0.009490
scaffold_18	6292305	6346068	0.001184	0.000501	0.000305
scaffold_18	6302283	6358305	-0.117624	-0.051869	-0.031443
scaffold_18	6308902	6364793	-0.102377	-0.042989	-0.026221
scaffold_18	6314719	6367818	-0.002622	-0.001181	-0.000712
scaffold_18	6318497	6381115	0.114008	0.048045	0.029093
scaffold_18	6320276	6389929	0.089231	0.035971	0.020274
scaffold_18	6326507	6395668	0.349010	0.142511	0.087123
scaffold_18	6331489	6400344	0.402949	0.166270	0.098565
scaffold_18	6336092	6405104	0.425236	0.177561	0.105881
scaffold_18	6343764	6406140	0.388499	0.181343	0.105155
scaffold_18	6346509	6406658	0.334446	0.170534	0.095318
scaffold_18	6363985	6408696	0.377075	0.196442	0.110202
scaffold_18	6365319	6415367	0.339664	0.183592	0.103239
scaffold_18	6368488	6421639	0.318669	0.166327	0.093838
scaffold_18	6383054	6436669	0.231621	0.096464	0.058576
scaffold_18	6389933	6445982	0.176974	0.063929	0.041882
scaffold_18	6397634	6447444	-0.137112	-0.047091	-0.029504
scaffold_18	6401096	6450934	-0.200829	-0.071444	-0.045564
scaffold_18	6405208	6451159	-0.229544	-0.079648	-0.051419
scaffold_18	6406171	6454361	-0.064057	-0.019360	-0.012708
scaffold_18	6406706	6456480	-0.030090	-0.009095	-0.006249
scaffold_18	6410503	6457639	-0.009775	-0.002674	-0.001905
scaffold_18	6415448	6459253	-0.033313	-0.008345	-0.005932
scaffold_18	6423748	6461093	-0.020840	-0.005138	-0.003578
scaffold_18	6436960	6467108	0.042831	0.016673	0.010548
scaffold_18	6446238	6472275	0.187705	0.101687	0.062671
scaffold_18	6447503	6478990	0.299528	0.134013	0.078686
scaffold_18	6450977	6481297	0.301168	0.132331	0.079867
scaffold_18	6451236	6489629	0.317657	0.136622	0.077247
scaffold_18	6455381	6491550	0.294042	0.136789	0.077157
scaffold_18	6456485	6495310	0.214577	0.106392	0.050499
scaffold_18	6458260	6501401	0.096750	0.052697	0.021967
scaffold_18	6459462	6506694	0.118765	0.061275	0.023241
scaffold_18	6461094	6514145	0.099631	0.048000	0.018905
scaffold_18	6467769	6523320	0.144044	0.057347	0.025184
scaffold_18	6472284	6536485	-0.005249	-0.001657	-0.000751
scaffold_18	6480920	6539719	-0.035305	-0.012527	-0.005705
scaffold_18	6481470	6542047	-0.075070	-0.022345	-0.010641
scaffold_18	6489633	6562667	-0.137661	-0.025573	-0.015359
scaffold_18	6492732	6572553	-0.208039	-0.031503	-0.019618
scaffold_18	6498118	6582739	0.039766	0.005486	0.003658
scaffold_18	6505074	6586191	0.248432	0.033170	0.023087
scaffold_18	6506860	6592142	0.283730	0.042589	0.031599
scaffold_18	6515536	6599616	0.278270	0.041535	0.030815
scaffold_18	6523815	6614310	0.248031	0.033604	0.024085
scaffold_18	6536712	6621634	0.298732	0.043827	0.031702
scaffold_18	6539893	6622972	0.277908	0.041156	0.030045
scaffold_18	6556115	6624954	0.278816	0.046650	0.033969
scaffold_18	6569097	6634561	0.248344	0.058453	0.037551
scaffold_18	6574779	6636347	0.186424	0.052732	0.032292
scaffold_18	6583112	6644923	0.143708	0.044583	0.026761
scaffold_18	6587092	6652781	0.095537	0.031168	0.018984
scaffold_18	6592167	6658866	0.083251	0.024795	0.015015
scaffold_18	6599743	6667238	0.034125	0.011008	0.006408
scaffold_18	6618038	6670729	0.062735	0.024531	0.014811
scaffold_18	6622007	6682741	0.002965	0.001194	0.000678
scaffold_18	6623007	6683107	0.006014	0.002481	0.001391
scaffold_18	6625915	6687210	0.061741	0.022369	0.012474
scaffold_18	6634642	6700847	0.198463	0.068155	0.040039
scaffold_18	6636537	6705379	0.284687	0.084309	0.051866
scaffold_18	6646226	6711392	0.266681	0.080373	0.049402
scaffold_18	6653020	6715031	0.217361	0.068192	0.039985
scaffold_18	6660753	6721154	0.134499	0.043889	0.025559
scaffold_18	6668003	6723906	0.079696	0.027932	0.016649
scaffold_18	6682491	6728404	0.025031	0.008425	0.005141
scaffold_18	6682742	6732642	0.085714	0.031445	0.018936
scaffold_18	6683303	6733293	0.151062	0.056550	0.033786
scaffold_18	6689088	6738391	0.003803	0.001534	0.000907
scaffold_18	6700895	6744018	-0.072633	-0.032320	-0.020176
scaffold_18	6705575	6757207	-0.075626	-0.032163	-0.019565
scaffold_18	6712150	6765105	-0.116720	-0.046165	-0.027558
scaffold_18	6716373	6766964	-0.186506	-0.073001	-0.044695
scaffold_18	6721174	6777549	-0.201807	-0.081452	-0.049233
scaffold_18	6725430	6785900	-0.149104	-0.052956	-0.032066
scaffold_18	6729228	6787790	-0.110335	-0.041570	-0.024307
scaffold_18	6732885	6789322	-0.211829	-0.081723	-0.048852
scaffold_18	6733344	6789626	-0.299813	-0.114805	-0.068896
scaffold_18	6738801	6798059	-0.161899	-0.051213	-0.032587
scaffold_18	6746946	6806280	-0.093658	-0.024181	-0.015654
scaffold_18	6762687	6815209	-0.065505	-0.020107	-0.012935
scaffold_18	6765290	6821338	-0.027706	-0.008595	-0.005630
scaffold_18	6773176	6829034	0.068402	0.021785	0.014192
scaffold_18	6778698	6840900	0.134691	0.042155	0.027139
scaffold_18	6785969	6844785	0.147488	0.050991	0.032308
scaffold_18	6788929	6859785	0.117559	0.038030	0.024016
scaffold_18	6789337	6862027	0.107513	0.034605	0.021581
scaffold_18	6790277	6864498	0.118898	0.036263	0.022585
scaffold_18	6798582	6867791	0.177109	0.062710	0.038587
scaffold_18	6806396	6869403	0.099710	0.046202	0.025954
scaffold_18	6815434	6882808	0.097776	0.044285	0.025465
scaffold_18	6826647	6890905	0.088235	0.043508	0.023801
scaffold_18	6829493	6894731	0.077088	0.034495	0.019556
scaffold_18	6841904	6894935	-0.009378	-0.004964	-0.002769
scaffold_18	6851161	6895630	0.015219	0.007911	0.004638
scaffold_18	6860298	6896347	-0.057190	-0.037574	-0.021283
scaffold_18	6863559	6896633	-0.005248	-0.003497	-0.002002
scaffold_18	6864499	6897681	-0.055229	-0.041920	-0.023933
scaffold_18	6867820	6899872	-0.113796	-0.095474	-0.050242
scaffold_18	6869461	6907311	-0.091944	-0.056452	-0.031371
scaffold_18	6887918	6911750	-0.133042	-0.076591	-0.042174
scaffold_18	6893683	6914906	-0.166933	-0.088325	-0.054563
scaffold_18	6894741	6921896	-0.038024	-0.021093	-0.013243
scaffold_18	6894936	6932285	0.076067	0.030856	0.020494
scaffold_18	6895770	6937178	0.204448	0.079387	0.055147
scaffold_18	6896352	6940388	0.252038	0.094764	0.065780
scaffold_18	6897006	6946593	0.321235	0.102881	0.074161
scaffold_18	6897696	6962954	0.293721	0.079165	0.054583
scaffold_18	6900945	6971027	0.141249	0.035593	0.024707
scaffold_18	6908953	6975212	0.235877	0.059454	0.041978
scaffold_18	6913656	6979160	0.289785	0.073718	0.051971
scaffold_18	6915397	6987837	0.266861	0.064584	0.045929
scaffold_18	6925851	6994661	0.264969	0.058529	0.041792
scaffold_18	6932675	7004789	0.216985	0.050453	0.036369
scaffold_18	6937346	7011791	0.093678	0.022186	0.015494
scaffold_18	6942125	7014688	0.167750	0.037241	0.026729
scaffold_18	6947121	7019480	0.183447	0.044250	0.031135
scaffold_18	6963299	7028093	0.162284	0.040950	0.029138
scaffold_18	6972581	7039476	0.181818	0.046497	0.031995
scaffold_18	6975512	7042291	0.162954	0.046341	0.032243
scaffold_18	6979238	7047124	0.083483	0.023025	0.016326
scaffold_18	6994482	7051411	0.147913	0.045050	0.030237
scaffold_18	6997192	7054198	0.069983	0.021882	0.014277
scaffold_18	7005757	7057610	0.089302	0.027237	0.017395
scaffold_18	7011814	7062241	0.074912	0.022166	0.014137
scaffold_18	7014695	7064891	0.089116	0.027952	0.017419
scaffold_18	7019770	7069602	0.177205	0.055028	0.036201
scaffold_18	7033967	7077139	0.176398	0.057880	0.038739
scaffold_18	7039689	7078231	0.258401	0.079662	0.058282
scaffold_18	7042448	7079413	0.408462	0.117122	0.089034
scaffold_18	7047741	7086090	0.313187	0.099330	0.074183
scaffold_18	7051609	7087940	0.220156	0.073822	0.056658
scaffold_18	7055967	7092577	0.234060	0.070284	0.055735
scaffold_18	7058266	7107302	0.306870	0.083508	0.065063
scaffold_18	7062813	7112718	0.110224	0.033192	0.025600
scaffold_18	7065084	7114981	-0.086410	-0.027264	-0.020525
scaffold_18	7072364	7116400	-0.198195	-0.063046	-0.046326
scaffold_18	7077408	7117660	-0.220655	-0.072233	-0.052679
scaffold_18	7078445	7126686	-0.216573	-0.075122	-0.052818
scaffold_18	7079438	7155435	-0.486323	-0.170180	-0.106319
scaffold_18	7087291	7165899	-0.495115	-0.155857	-0.098100
scaffold_18	7087960	7172547	-0.504946	-0.152646	-0.096969
scaffold_18	7093326	7178759	-0.468724	-0.151275	-0.093618
scaffold_18	7109675	7181746	-0.574514	-0.226537	-0.136270
scaffold_18	7113032	7185910	-0.476149	-0.172021	-0.102434
scaffold_18	7115502	7190321	-0.256333	-0.088875	-0.053757
scaffold_18	7116788	7196435	-0.154518	-0.052903	-0.033027
scaffold_18	7123611	7203407	-0.116786	-0.037119	-0.022125
scaffold_18	7127135	7207133	-0.016079	-0.005735	-0.003380
scaffold_18	7158722	7208439	0.113693	0.041244	0.026856
scaffold_18	7166952	7212962	0.146811	0.063405	0.039520
scaffold_18	7173644	7220227	0.110887	0.054847	0.031328
scaffold_18	7178790	7224793	0.190984	0.098326	0.055976
scaffold_18	7181747	7227159	0.205727	0.108108	0.058796
scaffold_18	7186609	7231109	0.252911	0.130391	0.072691
scaffold_18	7190375	7238482	0.234805	0.107084	0.059828
scaffold_18	7197895	7241462	0.142034	0.066616	0.035288
scaffold_18	7204816	7243200	0.127435	0.069064	0.037202
scaffold_18	7207394	7243335	0.042874	0.022664	0.012205
scaffold_18	7208466	7243568	0.069960	0.041034	0.021377
scaffold_18	7215171	7243921	-0.000553	-0.000336	-0.000174
scaffold_18	7220233	7244486	-0.010020	-0.006397	-0.003416
scaffold_18	7224940	7259338	-0.139108	-0.080397	-0.041027
scaffold_18	7228699	7271824	-0.280536	-0.153984	-0.080625
scaffold_18	7232065	7281778	-0.344806	-0.153153	-0.081058
scaffold_18	7240663	7290060	-0.340589	-0.146033	-0.078570
scaffold_18	7243020	7293863	-0.344489	-0.143717	-0.076123
scaffold_18	7243305	7296429	-0.243455	-0.088868	-0.050550
scaffold_18	7243342	7301257	-0.166139	-0.063049	-0.035474
scaffold_18	7243570	7306463	-0.218757	-0.075201	-0.042658
scaffold_18	7244062	7307711	-0.262469	-0.087236	-0.049911
scaffold_18	7247065	7311635	-0.079396	-0.023670	-0.013675
scaffold_18	7260292	7314070	-0.071780	-0.025062	-0.014608
scaffold_18	7272517	7315160	0.021272	0.008529	0.004841
scaffold_18	7282305	7315766	0.062524	0.032414	0.018297
scaffold_18	7290659	7317746	0.074698	0.046645	0.024272
scaffold_18	7295386	7320789	0.192719	0.127253	0.068532
scaffold_18	7298559	7325892	0.216768	0.121618	0.070680
scaffold_18	7301848	7330862	0.111032	0.061791	0.036534
scaffold_18	7306549	7335220	0.049505	0.025641	0.015372
scaffold_18	7310179	7339468	0.021590	0.011302	0.006656
scaffold_18	7313178	7344940	-0.028543	-0.015061	-0.009173
scaffold_18	7314085	7351331	0.011685	0.005159	0.003306
scaffold_18	7315430	7364569	0.093037	0.027844	0.018736
scaffold_18	7316913	7369327	0.067909	0.018836	0.012990
scaffold_18	7318087	7373172	-0.025176	-0.007058	-0.004881
scaffold_18	7322551	7375705	-0.109498	-0.029126	-0.020244
scaffold_18	7326251	7383943	-0.200986	-0.058444	-0.038581
scaffold_18	7331312	7388900	-0.115469	-0.030210	-0.019557
scaffold_18	7336209	7394016	-0.060849	-0.015722	-0.010178
scaffold_18	7339556	7394412	0.144479	0.034959	0.023391
scaffold_18	7346296	7396262	0.284726	0.075022	0.049993
