chr	altfas	neocan	telvit
NC_031969	0	1365667	0.760649	0.396406	0.235553
NC_031969	0	1617090	0.823864	0.42029	0.2485
NC_031969	0	1793713	0.828514	0.430347	0.255692
NC_031969	0	2086680	0.844961	0.472066	0.264306
NC_031969	0	2181492	0.852366	0.495416	0.270525
NC_031969	0	2368493	0.864795	0.525601	0.278513
NC_031969	0	2500916	0.877008	0.530097	0.277117
NC_031969	0	2624298	0.854956	0.527336	0.270663
NC_031969	0	2903681	0.848733	0.515851	0.264361
NC_031969	0	3090704	0.841027	0.514984	0.257684
NC_031969	0	3218877	0.834924	0.50655	0.253636
NC_031969	0	3328902	0.824346	0.503532	0.249584
NC_031969	0	3422924	0.825397	0.506241	0.248124
NC_031969	0	3766962	0.835392	0.514211	0.252033
NC_031969	0	4062642	0.831534	0.516515	0.252646
NC_031969	0	4143469	0.825593	0.514367	0.251368
NC_031969	0	4236692	0.815045	0.508599	0.246903
NC_031969	0	4293781	0.808412	0.506927	0.244544
NC_031969	0	4407627	0.806763	0.506903	0.242738
NC_031969	0	4474271	0.791079	0.492858	0.235401
NC_031969	0	4529661	0.786442	0.487141	0.231776
NC_031969	0	4642639	0.77727	0.482306	0.230007
NC_031969	0	4730851	0.753126	0.471147	0.220878
NC_031969	0	4816373	0.741129	0.465101	0.216221
NC_031969	0	4897995	0.738672	0.466687	0.215076
NC_031969	0	4960601	0.738443	0.469877	0.213513
NC_031969	0	5019526	0.738314	0.467294	0.211871
NC_031969	0	5074870	0.737851	0.464581	0.211428
NC_031969	0	5122207	0.733305	0.464182	0.209735
NC_031969	0	5177077	0.733078	0.462584	0.209729
NC_031969	0	5231300	0.727656	0.459445	0.20789
NC_031969	0	5286676	0.715501	0.453888	0.204039
NC_031969	0	5338436	0.715567	0.450517	0.204026
NC_031969	0	5394824	0.714355	0.449469	0.204147
NC_031969	0	5459793	0.711401	0.447379	0.20318
NC_031969	0	5542581	0.71547	0.450745	0.204324
NC_031969	0	5608330	0.714884	0.449907	0.20399
NC_031969	0	5671335	0.718076	0.448145	0.203907
NC_031969	0	5737918	0.717094	0.445779	0.202251
NC_031969	0	5814607	0.713697	0.442427	0.201444
NC_031969	0	5872289	0.708068	0.437696	0.198992
NC_031969	0	5910971	0.7028	0.435769	0.197259
NC_031969	0	5974468	0.700208	0.431185	0.195574
NC_031969	0	6034109	0.69394	0.424295	0.193521
NC_031969	0	6076596	0.688575	0.420226	0.191269
NC_031969	0	6154971	0.688001	0.418923	0.191083
NC_031969	0	6206256	0.682444	0.41626	0.18946
NC_031969	0	6289039	0.682924	0.415238	0.18936
NC_031969	0	6648100	0.682219	0.414661	0.189426
NC_031969	0	6696798	0.686927	0.418048	0.190796
NC_031969	0	6754462	0.687571	0.41825	0.190826
NC_031969	0	6801588	0.688845	0.418155	0.190818
NC_031969	0	6850244	0.692753	0.421379	0.193272
NC_031969	0	6896008	0.69486	0.422536	0.194381
NC_031969	0	6972815	0.696644	0.422344	0.194312
NC_031969	0	7027738	0.697332	0.420765	0.194455
NC_031969	0	7077929	0.702105	0.424907	0.196323
NC_031969	0	7124224	0.705572	0.427294	0.197447
NC_031969	0	7169273	0.709101	0.428694	0.198036
NC_031969	0	7233089	0.711413	0.43113	0.197688
NC_031969	0	7277265	0.711748	0.432331	0.19798
NC_031969	0	7322460	0.713117	0.434178	0.198176
NC_031969	0	7368851	0.713573	0.433643	0.197182
NC_031969	0	7434491	0.713668	0.432053	0.196246
NC_031969	0	7476792	0.71582	0.434628	0.196105
NC_031969	0	7522381	0.716202	0.435851	0.19569
NC_031969	0	7584581	0.716694	0.434523	0.194958
NC_031969	0	7630776	0.717377	0.43384	0.194518
NC_031969	0	7672967	0.712806	0.431676	0.192878
NC_031969	0	7724153	0.710552	0.430783	0.191894
NC_031969	0	7888294	0.707885	0.429665	0.190549
NC_031969	0	7928920	0.708097	0.429931	0.190299
NC_031969	0	7966139	0.704141	0.42781	0.189031
NC_031969	0	8008668	0.703423	0.42802	0.188595
NC_031969	0	8061425	0.701626	0.426802	0.187413
NC_031969	0	8120318	0.701196	0.427921	0.187352
NC_031969	0	8171602	0.701405	0.428253	0.187489
NC_031969	0	8217015	0.701187	0.427975	0.186907
NC_031969	0	8248147	0.701587	0.427563	0.187005
NC_031969	0	8284246	0.699962	0.425755	0.186362
NC_031969	0	8324926	0.696528	0.424603	0.184881
NC_031969	0	8365286	0.695656	0.424141	0.184623
NC_031969	0	8395380	0.695979	0.423575	0.184433
NC_031969	0	8432883	0.694679	0.422153	0.184108
NC_031969	0	8495764	0.693088	0.422597	0.183642
NC_031969	0	8570505	0.693613	0.422879	0.183447
NC_031969	0	8629045	0.69325	0.422484	0.183362
NC_031969	0	8697299	0.689404	0.421338	0.182616
NC_031969	0	8755954	0.68868	0.421619	0.18273
NC_031969	0	8807536	0.690428	0.421885	0.183395
NC_031969	0	8854954	0.687294	0.421134	0.182478
NC_031969	0	8905488	0.686601	0.419547	0.182129
NC_031969	0	8947475	0.686269	0.418863	0.181942
NC_031969	0	9022806	0.685634	0.418666	0.181532
NC_031969	0	9072987	0.684537	0.419045	0.181163
NC_031969	0	9107958	0.682633	0.41796	0.180436
NC_031969	0	9145426	0.678972	0.416684	0.179733
NC_031969	0	9179832	0.676953	0.415832	0.17908
NC_031969	0	9212357	0.674971	0.414615	0.17852
NC_031969	0	9252235	0.675392	0.41413	0.178488
NC_031969	0	9288484	0.674789	0.41417	0.178232
NC_031969	0	9342545	0.673424	0.413666	0.177674
NC_031969	0	9460044	0.67258	0.412689	0.177255
NC_031969	0	9500639	0.671061	0.411586	0.176618
NC_031969	0	9532850	0.67025	0.411289	0.176706
NC_031969	0	9579332	0.670327	0.411208	0.176881
NC_031969	0	9624209	0.670025	0.411722	0.176685
NC_031969	0	9660991	0.668921	0.41141	0.17648
NC_031969	0	9699476	0.668582	0.411157	0.176733
NC_031969	0	9741670	0.670996	0.412168	0.177616
NC_031969	0	9780872	0.67139	0.412333	0.177708
NC_031969	0	9821248	0.672632	0.413312	0.177763
NC_031969	0	9860968	0.673424	0.412891	0.177754
NC_031969	0	9906497	0.671215	0.411046	0.177147
NC_031969	0	9940417	0.670171	0.409837	0.176506
NC_031969	0	9983894	0.669477	0.408788	0.176153
NC_031969	0	10020651	0.669208	0.40833	0.176034
NC_031969	0	10059476	0.669092	0.408655	0.175717
NC_031969	0	10106202	0.669286	0.409192	0.175777
NC_031969	0	10153917	0.67056	0.410064	0.175875
NC_031969	0	10195957	0.667502	0.408924	0.175099
NC_031969	0	10231814	0.667583	0.409269	0.175167
NC_031969	0	10267277	0.667274	0.408678	0.174892
NC_031969	0	10313622	0.666507	0.408843	0.174668
NC_031969	0	10361666	0.665412	0.409387	0.174745
NC_031969	0	10404143	0.665685	0.409394	0.174672
NC_031969	0	10444070	0.665997	0.409074	0.174705
NC_031969	0	10511987	0.664587	0.408788	0.174066
NC_031969	0	10554166	0.664829	0.409256	0.174132
NC_031969	0	10600192	0.666463	0.41059	0.174852
NC_031969	0	10639538	0.667782	0.411439	0.175323
NC_031969	0	10691632	0.667915	0.411704	0.175246
NC_031969	0	10720037	0.667423	0.41199	0.175093
NC_031969	0	10751466	0.66841	0.412355	0.175221
NC_031969	0	10784510	0.668954	0.412959	0.17532
NC_031969	0	10823492	0.668057	0.412619	0.175281
NC_031969	0	10858706	0.667495	0.412314	0.174994
NC_031969	0	10895096	0.669065	0.413043	0.17532
NC_031969	0	10934156	0.669527	0.413121	0.175193
NC_031969	0	10975395	0.669998	0.413332	0.175166
NC_031969	0	11022603	0.672549	0.415011	0.176057
NC_031969	0	11071269	0.673169	0.415685	0.176134
NC_031969	0	11114004	0.674783	0.41617	0.176693
NC_031969	0	11169841	0.674075	0.416139	0.176416
NC_031969	0	11235179	0.675817	0.417319	0.177095
NC_031969	0	11288915	0.677263	0.418705	0.177608
NC_031969	0	11339548	0.678743	0.419651	0.178144
NC_031969	0	11392614	0.681691	0.421121	0.179253
NC_031969	0	11423182	0.682045	0.422012	0.179367
NC_031969	0	11463559	0.683428	0.422621	0.179627
NC_031969	0	11521132	0.683184	0.422423	0.179251
NC_031969	0	11580593	0.684067	0.423108	0.179649
NC_031969	0	11626814	0.684846	0.423609	0.179978
NC_031969	0	11674727	0.686765	0.424114	0.18052
NC_031969	0	11721152	0.685866	0.423963	0.180056
NC_031969	0	11797587	0.685342	0.423425	0.17972
NC_031969	0	11855615	0.685448	0.423175	0.179549
NC_031969	0	11911500	0.687068	0.424387	0.179913
NC_031969	0	11969410	0.688524	0.425014	0.180224
NC_031969	0	12031105	0.690798	0.42634	0.181007
NC_031969	0	12083176	0.691551	0.426877	0.181151
NC_031969	0	12120280	0.692703	0.427052	0.181583
NC_031969	0	12158684	0.693594	0.427631	0.181876
NC_031969	0	12202308	0.694058	0.427184	0.181904
NC_031969	0	12253664	0.693958	0.426766	0.181743
NC_031969	0	12292789	0.693978	0.426205	0.181652
NC_031969	0	12333798	0.694457	0.42689	0.181729
NC_031969	0	12388008	0.69485	0.426676	0.181706
NC_031969	0	12465974	0.694837	0.427018	0.181717
NC_031969	0	12498149	0.695145	0.427398	0.181655
NC_031969	0	12538336	0.696317	0.428367	0.18198
NC_031969	0	12574411	0.696751	0.428364	0.181803
NC_031969	0	12624142	0.696883	0.42869	0.181977
NC_031969	0	12656505	0.697388	0.429394	0.182228
NC_031969	0	12710032	0.69641	0.429349	0.182002
NC_031969	0	12777137	0.696607	0.428797	0.182045
NC_031969	0	12903801	0.696618	0.428788	0.182101
NC_031969	0	12966523	0.69741	0.429014	0.182229
NC_031969	0	13012666	0.698181	0.428492	0.18244
NC_031969	0	13053362	0.698939	0.428654	0.18268
NC_031969	0	13084071	0.699304	0.428913	0.182838
NC_031969	0	13120396	0.700294	0.429959	0.183121
NC_031969	0	13158000	0.701016	0.430944	0.183299
NC_031969	0	13193476	0.701516	0.431193	0.183257
NC_031969	0	13230496	0.702566	0.431905	0.183646
NC_031969	0	13423931	0.701853	0.431746	0.183519
NC_031969	0	13480622	0.701344	0.43173	0.183444
NC_031969	0	13532488	0.702621	0.432324	0.183812
NC_031969	0	13568494	0.703063	0.432247	0.183899
NC_031969	0	13600091	0.703559	0.431801	0.183828
NC_031969	0	13645475	0.704001	0.431453	0.183827
NC_031969	0	13687122	0.703774	0.431558	0.183682
NC_031969	0	13724572	0.704432	0.431997	0.183604
NC_031969	0	13761800	0.705121	0.43251	0.183679
NC_031969	0	13802295	0.705909	0.433014	0.183819
NC_031969	0	13843882	0.70679	0.43368	0.184347
NC_031969	0	13889760	0.707913	0.434162	0.184594
NC_031969	0	13929631	0.708156	0.433946	0.184463
NC_031969	0	13959139	0.708498	0.433924	0.184455
NC_031969	0	13999275	0.709316	0.433863	0.18462
NC_031969	0	14043079	0.709751	0.434358	0.184867
NC_031969	0	14095917	0.71004	0.434502	0.184928
NC_031969	0	14139800	0.711139	0.435305	0.185226
NC_031969	0	14174500	0.710151	0.43474	0.184874
NC_031969	0	14202454	0.710244	0.434561	0.184664
NC_031969	0	14236443	0.711259	0.435023	0.184884
NC_031969	0	14276005	0.711593	0.435019	0.1849
NC_031969	0	14492082	0.711741	0.435001	0.184842
NC_031969	0	14529709	0.712447	0.435405	0.184823
NC_031969	0	14565724	0.713085	0.43581	0.18496
NC_031969	0	14602547	0.714141	0.436392	0.185119
NC_031969	0	14635870	0.715134	0.436783	0.185323
NC_031969	0	14672517	0.715491	0.437278	0.18534
NC_031969	0	14722252	0.716898	0.43798	0.185801
NC_031969	0	14767325	0.718012	0.438158	0.186226
NC_031969	0	14809640	0.719391	0.438853	0.186562
NC_031969	0	14846857	0.719823	0.438587	0.186465
NC_031969	0	15261432	0.71908	0.438339	0.186399
NC_031969	0	15296260	0.718836	0.437876	0.186415
NC_031969	0	15333555	0.719027	0.437727	0.186419
NC_031969	0	15377928	0.719518	0.437884	0.186439
NC_031969	0	15414963	0.719232	0.438275	0.186355
NC_031969	0	15455568	0.719948	0.438341	0.186391
NC_031969	0	15494527	0.720888	0.438573	0.186601
NC_031969	0	15533852	0.721275	0.438564	0.186559
NC_031969	0	15576541	0.721943	0.438791	0.186696
NC_031969	0	15622316	0.721878	0.439117	0.186579
NC_031969	0	15659488	0.721993	0.439206	0.186668
NC_031969	0	15699809	0.721501	0.439037	0.186528
NC_031969	0	15738204	0.721792	0.439443	0.186565
NC_031969	0	15786909	0.722377	0.440106	0.186664
NC_031969	0	15813380	0.720692	0.439544	0.186662
NC_031969	0	15838525	0.72085	0.439829	0.186651
NC_031969	0	15879280	0.720969	0.439857	0.186499
NC_031969	0	15924389	0.721744	0.440414	0.186819
NC_031969	0	15960340	0.722759	0.44089	0.187001
NC_031969	0	15994151	0.7228	0.44118	0.186935
NC_031969	0	16028352	0.722845	0.441419	0.18686
NC_031969	0	16068210	0.72409	0.442093	0.187116
NC_031969	0	16112971	0.724853	0.442723	0.187361
NC_031969	0	16174706	0.726355	0.443208	0.187746
NC_031969	0	16211542	0.727047	0.443405	0.187813
NC_031969	0	16261501	0.727546	0.443698	0.188015
NC_031969	0	16312949	0.727536	0.44388	0.187954
NC_031969	0	16389183	0.728139	0.443949	0.187881
NC_031969	0	16425613	0.728822	0.444668	0.187985
NC_031969	0	16463451	0.729595	0.445306	0.188194
NC_031969	0	16501634	0.730409	0.445557	0.188372
NC_031969	0	16540206	0.731109	0.445926	0.188377
NC_031969	0	16579773	0.731104	0.446049	0.188233
NC_031969	0	16620491	0.731828	0.446147	0.188322
NC_031969	0	16655573	0.731982	0.446095	0.188187
NC_031969	0	16705159	0.732198	0.446269	0.188198
NC_031969	0	16750186	0.732682	0.446132	0.188345
NC_031969	0	16789025	0.733491	0.44661	0.188451
NC_031969	0	16826415	0.734045	0.447102	0.188518
NC_031969	0	16869959	0.733467	0.446653	0.18817
NC_031969	0	16923339	0.733905	0.447021	0.188224
NC_031969	0	17209564	0.732925	0.446553	0.188005
NC_031969	0	17260318	0.733566	0.447238	0.188221
NC_031969	0	17316518	0.734203	0.447777	0.18825
NC_031969	0	17391034	0.735193	0.448201	0.188545
NC_031969	0	17460196	0.735843	0.448755	0.188619
NC_031969	0	17523941	0.736128	0.44885	0.188643
NC_031969	0	17594039	0.736493	0.448902	0.188677
NC_031969	0	17656904	0.736817	0.449214	0.188634
NC_031969	0	17706380	0.737537	0.449629	0.188606
NC_031969	0	17752473	0.738942	0.450659	0.189163
NC_031969	0	17802682	0.739806	0.45125	0.189554
NC_031969	0	17860648	0.740587	0.451851	0.189659
NC_031969	0	17923000	0.741553	0.452671	0.190028
NC_031969	0	18018658	0.742286	0.453009	0.190132
NC_031969	0	18120342	0.743361	0.453404	0.1905
NC_031969	0	18212075	0.743665	0.4539	0.190447
NC_031969	0	18266674	0.744769	0.4542	0.190895
NC_031969	0	18333034	0.746119	0.454916	0.19143
NC_031969	0	18406197	0.746863	0.455424	0.191645
NC_031969	0	18473099	0.747647	0.455733	0.19178
NC_031969	0	18513904	0.74858	0.456574	0.191991
NC_031969	0	18582663	0.749618	0.457351	0.192473
NC_031969	0	18636384	0.750573	0.457641	0.192738
NC_031969	0	18685091	0.750725	0.45778	0.192575
NC_031969	0	18858660	0.75063	0.457842	0.192655
NC_031969	0	19208998	0.750001	0.45769	0.19254
NC_031969	0	19301604	0.750115	0.45744	0.192479
NC_031969	0	19350042	0.750537	0.457866	0.192549
NC_031969	0	19396764	0.750715	0.458091	0.19247
NC_031969	0	19448082	0.75053	0.458065	0.192561
NC_031969	0	19497246	0.750117	0.457743	0.192485
NC_031969	0	19543956	0.750533	0.458126	0.192639
NC_031969	0	19597819	0.750552	0.457889	0.192542
NC_031969	0	19649118	0.750719	0.45777	0.192666
NC_031969	0	19691148	0.750356	0.457321	0.192509
NC_031969	0	19762721	0.751064	0.457355	0.192581
NC_031969	0	20335610	0.750715	0.457204	0.19252
NC_031969	0	20842667	0.750068	0.457027	0.192508
NC_031969	0	21121921	0.750454	0.457287	0.192542
NC_031969	0	21163290	0.751048	0.457557	0.192762
NC_031969	0	21212941	0.751137	0.457571	0.192642
NC_031969	0	21271414	0.750993	0.457684	0.19256
NC_031969	0	21335821	0.751728	0.458028	0.192652
NC_031969	0	21389619	0.751839	0.458136	0.192685
NC_031969	0	21455587	0.752165	0.458159	0.192696
NC_031969	0	21508453	0.752802	0.458672	0.192824
NC_031969	0	21563764	0.753322	0.459046	0.193027
NC_031969	0	21608351	0.753456	0.459294	0.192911
NC_031969	0	21656684	0.754332	0.459588	0.193093
NC_031969	0	21702893	0.754737	0.459784	0.193176
NC_031969	0	21750027	0.755026	0.459785	0.193068
NC_031969	0	21797694	0.755005	0.459477	0.192886
NC_031969	0	21887319	0.755236	0.459907	0.192948
NC_031969	0	21943379	0.755836	0.460251	0.193146
NC_031969	0	21995156	0.756266	0.460513	0.193302
NC_031969	0	22039881	0.7561	0.460337	0.193138
NC_031969	0	22073963	0.756178	0.460446	0.193069
NC_031969	0	22112572	0.756574	0.460595	0.193129
NC_031969	0	22152433	0.756428	0.460555	0.193013
NC_031969	0	22185134	0.75613	0.460333	0.192842
NC_031969	0	22349652	0.753777	0.460681	0.192247
NC_031969	0	22398703	0.754055	0.460936	0.192287
NC_031969	0	22441468	0.754309	0.461014	0.192338
NC_031969	0	22478615	0.753541	0.46047	0.192149
NC_031969	0	22519578	0.754012	0.460702	0.192199
NC_031969	0	22565385	0.754514	0.461171	0.192425
NC_031969	0	22604436	0.754752	0.461438	0.192465
NC_031969	0	22685063	0.755054	0.461515	0.192601
NC_031969	0	22732719	0.755648	0.46187	0.192866
NC_031969	0	22777689	0.756182	0.46235	0.192964
NC_031969	0	22811845	0.756041	0.462429	0.192884
NC_031969	0	22866205	0.756339	0.462691	0.192955
NC_031969	0	22911977	0.757016	0.463229	0.193261
NC_031969	0	22980784	0.757951	0.463519	0.193535
NC_031969	0	23050835	0.758809	0.463987	0.193727
NC_031969	0	23119092	0.759586	0.464404	0.194029
NC_031969	0	23166053	0.759768	0.464603	0.194086
NC_031969	0	23206565	0.76009	0.4648	0.193956
NC_031969	0	23241541	0.760304	0.464669	0.193814
NC_031969	0	23284776	0.760265	0.46471	0.193779
NC_031969	0	23516487	0.759946	0.464342	0.193624
NC_031969	0	23548871	0.760213	0.464098	0.193583
NC_031969	0	23590012	0.759993	0.464069	0.193466
NC_031969	0	23623196	0.759802	0.463923	0.193504
NC_031969	0	23667326	0.760023	0.464009	0.1935
NC_031969	0	23704219	0.760082	0.464093	0.193405
NC_031969	0	23737992	0.760434	0.464175	0.193559
NC_031969	0	23813051	0.760722	0.464021	0.19363
NC_031969	0	23852124	0.760787	0.464125	0.193659
NC_031969	0	23901203	0.761356	0.464222	0.193721
NC_031969	0	23945999	0.76168	0.464409	0.193677
NC_031969	0	23987611	0.762342	0.464899	0.193899
NC_031969	0	24031366	0.762513	0.464971	0.193882
NC_031969	0	24072162	0.763126	0.465389	0.193965
NC_031969	0	24125965	0.763464	0.465574	0.194105
NC_031969	0	24174050	0.763821	0.465392	0.194138
NC_031969	0	24213965	0.763825	0.465674	0.194182
NC_031969	0	24271307	0.764309	0.465729	0.194337
NC_031969	0	24309800	0.764488	0.465884	0.194352
NC_031969	0	24378471	0.764616	0.46586	0.194422
NC_031969	0	24416024	0.764716	0.465609	0.194407
NC_031969	0	24458977	0.765262	0.46612	0.19448
NC_031969	0	24498848	0.765101	0.466202	0.194431
NC_031969	0	24531678	0.76505	0.466012	0.194402
NC_031969	0	24639822	0.765251	0.466333	0.194614
NC_031969	0	24697182	0.765573	0.466672	0.194635
NC_031969	0	24770000	0.766137	0.466847	0.194874
NC_031969	0	24833051	0.766394	0.46701	0.194949
NC_031969	0	24887017	0.766769	0.467323	0.195021
NC_031969	0	24943801	0.767269	0.46769	0.195105
NC_031969	0	25001518	0.767797	0.46817	0.195239
NC_031969	0	25064228	0.768278	0.468723	0.195422
NC_031969	0	25115815	0.768734	0.468881	0.195553
NC_031969	0	25176431	0.769041	0.468799	0.195451
NC_031969	0	25230983	0.769611	0.468931	0.195632
NC_031969	0	25273427	0.770132	0.468877	0.195685
NC_031969	0	25392004	0.770417	0.468828	0.195766
NC_031969	0	25431875	0.77083	0.468971	0.195724
NC_031969	0	25488382	0.771114	0.46923	0.195823
NC_031969	0	25545415	0.771886	0.469303	0.196121
NC_031969	0	25589038	0.772405	0.469374	0.196256
NC_031969	0	25641788	0.77282	0.469701	0.196304
NC_031969	0	25691692	0.773074	0.469673	0.196347
NC_031969	0	25768979	0.77318	0.470039	0.196379
NC_031969	0	25813152	0.773627	0.470508	0.196562
NC_031969	0	25857292	0.773689	0.470674	0.196604
NC_031969	0	25895816	0.773967	0.470506	0.196606
NC_031969	0	25942621	0.773622	0.470512	0.196439
NC_031969	0	25991973	0.773384	0.470329	0.196383
NC_031969	0	26038540	0.773359	0.470101	0.196302
NC_031969	0	26086411	0.773553	0.470048	0.196337
NC_031969	0	26145766	0.773377	0.469946	0.196295
NC_031969	0	26200320	0.773406	0.46992	0.196296
NC_031969	0	26234069	0.773392	0.469799	0.196182
NC_031969	0	26273498	0.773437	0.469973	0.196181
NC_031969	0	26323515	0.77389	0.470414	0.19632
NC_031969	0	26411427	0.774252	0.470712	0.196404
NC_031969	0	26724702	0.77414	0.470658	0.196332
NC_031969	0	26794788	0.774514	0.470848	0.19652
NC_031969	0	26849900	0.774622	0.470991	0.196572
NC_031969	0	26900175	0.774505	0.471058	0.196499
NC_031969	0	26942080	0.774781	0.47112	0.196617
NC_031969	0	26977710	0.774566	0.471085	0.196581
NC_031969	0	27020296	0.774483	0.47077	0.196405
NC_031969	0	27088796	0.774544	0.470825	0.196457
NC_031969	0	27130257	0.774676	0.470729	0.196417
NC_031969	0	27193145	0.774689	0.470693	0.196376
NC_031969	0	27232073	0.774753	0.470941	0.196422
NC_031969	0	27377950	0.774788	0.470923	0.196464
NC_031969	0	27424891	0.774548	0.470993	0.196375
NC_031969	0	27477020	0.774901	0.471022	0.196395
NC_031969	0	27530386	0.774925	0.470938	0.196382
NC_031969	0	27842851	0.774619	0.470983	0.196358
NC_031969	0	27891619	0.774615	0.471022	0.196426
NC_031969	0	27978031	0.773772	0.470722	0.196262
NC_031969	0	28020569	0.774033	0.470641	0.196249
NC_031969	0	28065011	0.774262	0.47061	0.196338
NC_031969	0	28100669	0.774202	0.47052	0.196256
NC_031969	0	28139759	0.774087	0.47036	0.196274
NC_031969	0	28181861	0.774022	0.470343	0.196242
NC_031969	0	28216305	0.773544	0.470048	0.196089
NC_031969	0	28248916	0.773576	0.469921	0.196048
NC_031969	0	28286906	0.77381	0.470248	0.196111
NC_031969	0	28323201	0.774343	0.470286	0.19633
NC_031969	0	28370041	0.774482	0.470534	0.196384
NC_031969	0	28411231	0.774614	0.470447	0.19646
NC_031969	0	28457886	0.774586	0.470495	0.196418
NC_031969	0	28496960	0.774671	0.470375	0.196466
NC_031969	0	28735423	0.77466	0.470237	0.196528
NC_031969	0	28834886	0.773848	0.469969	0.196364
NC_031969	0	28880604	0.773554	0.46984	0.196276
NC_031969	0	28928675	0.773554	0.469764	0.196249
NC_031969	0	28971780	0.773141	0.469632	0.196046
NC_031969	0	29016390	0.772415	0.469331	0.195774
NC_031969	0	29160977	0.772794	0.46963	0.19583
NC_031969	0	29211667	0.77256	0.469679	0.195827
NC_031969	0	29272674	0.772416	0.469396	0.195777
NC_031969	0	29314462	0.772423	0.469141	0.195645
NC_031969	0	29342548	0.772111	0.469013	0.195566
NC_031969	0	29394239	0.772477	0.469411	0.195839
NC_031969	0	29437683	0.772561	0.469586	0.195805
NC_031969	0	29487620	0.772811	0.469754	0.195868
NC_031969	0	29538229	0.772911	0.469409	0.195828
NC_031969	0	29592173	0.773058	0.469247	0.195841
NC_031969	0	29632721	0.773232	0.469304	0.195766
NC_031969	0	29668155	0.773479	0.469389	0.195826
NC_031969	0	29707230	0.77326	0.469339	0.195777
NC_031969	0	29747862	0.772941	0.469273	0.195652
NC_031969	0	29777244	0.772865	0.469205	0.195677
NC_031969	0	29817526	0.772877	0.469137	0.195642
NC_031969	0	29860647	0.772607	0.46906	0.195605
NC_031969	0	29898176	0.77203	0.468735	0.195427
NC_031969	0	29933991	0.771909	0.46862	0.19545
NC_031969	0	29979551	0.771697	0.468412	0.195396
NC_031969	0	30029914	0.771683	0.468441	0.195303
NC_031969	0	30075565	0.771696	0.46842	0.195267
NC_031969	0	30123932	0.7718	0.468529	0.195351
NC_031969	0	30161166	0.771948	0.468421	0.195315
NC_031969	0	30200328	0.772151	0.468664	0.195383
NC_031969	0	30239130	0.77225	0.468533	0.195467
NC_031969	0	30292492	0.772015	0.468565	0.195378
NC_031969	0	30333203	0.772409	0.468616	0.195525
NC_031969	0	30370984	0.772377	0.468713	0.195501
NC_031969	0	30402623	0.772184	0.468676	0.195423
NC_031969	0	30466945	0.772446	0.468902	0.195476
NC_031969	0	30515087	0.772759	0.468908	0.195646
NC_031969	0	30571601	0.772976	0.469101	0.195727
NC_031969	0	30614122	0.77357	0.469281	0.195859
NC_031969	0	30674270	0.774221	0.469863	0.196046
NC_031969	0	30734241	0.774634	0.470047	0.196112
NC_031969	0	30783839	0.775056	0.470441	0.196257
NC_031969	0	30839006	0.775421	0.470486	0.196413
NC_031969	0	30883661	0.775896	0.470805	0.196647
NC_031969	0	31059574	0.776258	0.470996	0.196793
NC_031969	0	31117209	0.776171	0.47119	0.196841
NC_031969	0	31177481	0.776586	0.471576	0.197046
NC_031969	0	31270399	0.776476	0.471529	0.19704
NC_031969	0	31476588	0.776361	0.471327	0.19714
NC_031969	0	31598903	0.776565	0.471229	0.197327
NC_031969	0	32026969	0.776744	0.4713	0.197543
NC_031969	0	32128055	0.776898	0.471186	0.197635
NC_031969	0	32279629	0.776307	0.471058	0.197573
NC_031969	0	32347030	0.776175	0.470924	0.197562
NC_031969	0	32529512	0.776319	0.470881	0.197567
NC_031969	0	33145459	0.776217	0.470692	0.197636
NC_031969	0	33210650	0.776162	0.470793	0.197664
NC_031969	0	33284933	0.775854	0.470713	0.197674
NC_031969	0	33361685	0.776011	0.470567	0.197724
NC_031969	0	33691320	0.776504	0.471028	0.197937
NC_031969	0	33872713	0.776909	0.471312	0.198045
NC_031969	0	34004806	0.777068	0.471389	0.198142
NC_031969	0	34087409	0.777277	0.471566	0.198167
NC_031969	0	34168318	0.777461	0.471815	0.198193
NC_031969	0	34237194	0.777659	0.471856	0.19825
NC_031969	0	34354576	0.777462	0.471953	0.198233
NC_031969	0	34420623	0.777391	0.471756	0.198135
NC_031969	0	34486073	0.777566	0.47172	0.198285
NC_031969	0	34604396	0.777353	0.471469	0.198274
NC_031969	0	34733909	0.777857	0.471747	0.198617
NC_031969	0	34848987	0.778446	0.471989	0.198824
NC_031969	0	34909200	0.778948	0.472218	0.198974
NC_031969	0	34971350	0.779485	0.47259	0.199196
NC_031969	0	35140139	0.779554	0.472699	0.199274
NC_031969	0	35237929	0.779688	0.472687	0.199373
NC_031969	0	35493418	0.779223	0.472647	0.199313
NC_031969	0	35827152	0.778541	0.472301	0.199201
NC_031969	0	35997502	0.778213	0.47178	0.199056
NC_031969	0	36131903	0.778804	0.472326	0.199309
NC_031969	0	36342751	0.779309	0.472667	0.199548
NC_031969	0	36613279	0.779747	0.473082	0.199747
NC_031969	0	37144292	0.780201	0.473293	0.199914
NC_031969	0	37349236	0.77959	0.473111	0.19996
NC_031969	0	37482691	0.779343	0.47308	0.199929
NC_031969	0	37722985	0.778915	0.472681	0.199953
NC_031969	0	37994186	0.778737	0.472795	0.200085
