chr	windowStart	windowEnd	D	f_d	f_dM
NC_031969	711172	2181492	0.888294	0.540755	0.283516
NC_031969	1.36568e+06	2368493	0.900699	0.580703	0.294131
NC_031969	1.61713e+06	2500916	0.902373	0.598202	0.291758
NC_031969	1.7941e+06	2624298	0.872887	0.616818	0.281264
NC_031969	2.08672e+06	2903681	0.852224	0.563835	0.264411
NC_031969	2.18152e+06	3090704	0.82716	0.541962	0.243139
NC_031969	2.36852e+06	3218877	0.789784	0.477889	0.220976
NC_031969	2.50115e+06	3328902	0.734662	0.456976	0.207643
NC_031969	2.6243e+06	3422924	0.764437	0.463476	0.208145
NC_031969	2.90989e+06	3766962	0.808318	0.51075	0.229252
NC_031969	3.09070e+06	4062642	0.812347	0.519749	0.242716
NC_031969	3.21895e+06	4143469	0.804638	0.533551	0.246237
NC_031969	3.3289e+06	4236692	0.792324	0.521948	0.24034
NC_031969	3.42293e+06	4293781	0.766391	0.508764	0.235492
NC_031969	3.76727e+06	4407627	0.726252	0.484621	0.216866
NC_031969	4.0628e+06	4474271	0.657646	0.413815	0.183241
NC_031969	4.14363e+06	4529661	0.63803	0.386733	0.167673
NC_031969	4.2367e+06	4642639	0.626434	0.380195	0.169681
NC_031969	4.29424e+06	4730851	0.499852	0.309364	0.12864
NC_031969	4.40777e+06	4816373	0.412181	0.257111	0.104374
NC_031969	4.47428e+06	4897995	0.466007	0.317691	0.122021
NC_031969	4.52982e+06	4960601	0.464844	0.350193	0.12132
NC_031969	4.64272e+06	5019526	0.475664	0.347967	0.113382
NC_031969	4.73086e+06	5074870	0.628409	0.414932	0.15462
NC_031969	4.81708e+06	5122207	0.672619	0.456473	0.166938
NC_031969	4.89814e+06	5177077	0.693048	0.433517	0.176303
NC_031969	4.9606e+06	5231300	0.651593	0.390214	0.171746
NC_031969	5.01965e+06	5286676	0.558505	0.359949	0.152688
NC_031969	5.07503e+06	5338436	0.56814	0.357526	0.156848
NC_031969	5.12229e+06	5394824	0.595745	0.361244	0.169379
NC_031969	5.17722e+06	5459793	0.567575	0.349054	0.160284
NC_031969	5.23132e+06	5542581	0.635475	0.394583	0.180992
NC_031969	5.28672e+06	5608330	0.710958	0.425972	0.203676
NC_031969	5.33844e+06	5671335	0.73457	0.43353	0.203145
NC_031969	5.39482e+06	5737918	0.736917	0.421498	0.189878
NC_031969	5.4598e+06	5814607	0.730356	0.410316	0.189974
NC_031969	5.54260e+06	5872289	0.650216	0.350443	0.162519
NC_031969	5.60839e+06	5910971	0.600909	0.331328	0.148206
NC_031969	5.67136e+06	5974468	0.536726	0.294676	0.130364
NC_031969	5.73794e+06	6034109	0.492611	0.263536	0.125142
NC_031969	5.81463e+06	6076596	0.444228	0.235537	0.106892
NC_031969	5.87232e+06	6154971	0.498376	0.265842	0.124594
NC_031969	5.91098e+06	6206256	0.49935	0.265683	0.12626
NC_031969	5.97667e+06	6289039	0.537111	0.295175	0.140325
NC_031969	6.03417e+06	6648100	0.582942	0.337409	0.156119
NC_031969	6.0767e+06	6696798	0.673866	0.4012	0.18705
NC_031969	6.15498e+06	6754462	0.684211	0.413043	0.188838
NC_031969	6.20628e+06	6801588	0.739669	0.432585	0.201397
NC_031969	6.28921e+06	6850244	0.76589	0.467223	0.223971
NC_031969	6.64812e+06	6896008	0.788603	0.481166	0.233586
NC_031969	6.69689e+06	6972815	0.771624	0.454421	0.222471
NC_031969	6.75464e+06	7027738	0.772397	0.438827	0.223556
NC_031969	6.80159e+06	7077929	0.798104	0.472589	0.239498
NC_031969	6.85025e+06	7124224	0.806832	0.472251	0.231341
NC_031969	6.89610e+06	7169273	0.82254	0.4753	0.226713
NC_031969	6.97283e+06	7233089	0.82919	0.50096	0.223739
NC_031969	7.02777e+06	7277265	0.826699	0.530395	0.225468
NC_031969	7.07796e+06	7322460	0.807085	0.518091	0.213103
NC_031969	7.12425e+06	7368851	0.787741	0.494671	0.195006
NC_031969	7.16929e+06	7434491	0.759752	0.46648	0.180854
NC_031969	7.23325e+06	7476792	0.761897	0.472008	0.181887
NC_031969	7.2774e+06	7522381	0.76765	0.477487	0.174119
NC_031969	7.32249e+06	7584581	0.763403	0.438772	0.162724
NC_031969	7.36885e+06	7630776	0.767829	0.43629	0.166753
NC_031969	7.43491e+06	7672967	0.700663	0.426337	0.154762
NC_031969	7.47763e+06	7724153	0.630137	0.373494	0.139831
NC_031969	7.52284e+06	7888294	0.564039	0.327564	0.120838
NC_031969	7.58458e+06	7928920	0.565075	0.351536	0.1265
NC_031969	7.63085e+06	7966139	0.467758	0.309841	0.106632
NC_031969	7.67297e+06	8008668	0.533367	0.355165	0.122631
NC_031969	7.72446e+06	8061425	0.534789	0.347124	0.118614
NC_031969	7.88847e+06	8120318	0.587967	0.395221	0.13961
NC_031969	7.92898e+06	8171602	0.58733	0.396457	0.143839
NC_031969	7.96615e+06	8217015	0.652098	0.430965	0.155546
NC_031969	8.00867e+06	8248147	0.671256	0.419806	0.16318
NC_031969	8.06155e+06	8284246	0.672131	0.408281	0.169754
NC_031969	8.1206e+06	8324926	0.607558	0.362742	0.143314
NC_031969	8.17171e+06	8365286	0.581	0.3445	0.134959
NC_031969	8.21714e+06	8395380	0.588536	0.338136	0.139158
NC_031969	8.24821e+06	8432883	0.554	0.318299	0.13156
NC_031969	8.28432e+06	8495764	0.563985	0.360292	0.13702
NC_031969	8.325e+06	8570505	0.643333	0.393075	0.160232
NC_031969	8.36529e+06	8629045	0.651888	0.39424	0.162939
NC_031969	8.3954e+06	8697299	0.586181	0.383568	0.154282
NC_031969	8.43358e+06	8755954	0.600958	0.412788	0.162202
NC_031969	8.49596e+06	8807536	0.653021	0.411548	0.179785
NC_031969	8.57176e+06	8854954	0.6	0.395098	0.168289
NC_031969	8.63038e+06	8905488	0.592875	0.376414	0.163969
NC_031969	8.69732e+06	8947475	0.637741	0.381384	0.17137
NC_031969	8.75612e+06	9022806	0.634629	0.371404	0.162213
NC_031969	8.80754e+06	9072987	0.572946	0.363212	0.141774
NC_031969	8.8551e+06	9107958	0.584491	0.352242	0.141294
NC_031969	8.90553e+06	9145426	0.512632	0.347447	0.129843
NC_031969	8.9477e+06	9179832	0.467325	0.335584	0.117828
NC_031969	9.02306e+06	9212357	0.424478	0.303262	0.109551
NC_031969	9.07304e+06	9252235	0.458738	0.292751	0.117275
NC_031969	9.10806e+06	9288484	0.4963	0.32261	0.128935
NC_031969	9.14549e+06	9342545	0.544131	0.341686	0.13328
NC_031969	9.18036e+06	9460044	0.572669	0.342724	0.139006
NC_031969	9.21236e+06	9500639	0.580304	0.343784	0.137155
NC_031969	9.2524e+06	9532850	0.556665	0.347425	0.139408
NC_031969	9.28859e+06	9579332	0.571919	0.346694	0.147737
NC_031969	9.34255e+06	9624209	0.596049	0.369079	0.155414
NC_031969	9.46006e+06	9660991	0.591663	0.382923	0.159712
NC_031969	9.50065e+06	9699476	0.619442	0.402153	0.179241
NC_031969	9.53286e+06	9741670	0.685736	0.429902	0.197222
NC_031969	9.57935e+06	9780872	0.693467	0.436284	0.196108
NC_031969	9.62422e+06	9821248	0.729393	0.447901	0.202455
NC_031969	9.66099e+06	9860968	0.776582	0.444474	0.207275
NC_031969	9.69962e+06	9906497	0.732816	0.408679	0.186479
NC_031969	9.74167e+06	9940417	0.649077	0.356558	0.15149
NC_031969	9.78088e+06	9983894	0.623284	0.334079	0.143483
NC_031969	9.82202e+06	10020651	0.588643	0.308384	0.139548
NC_031969	9.86108e+06	10059476	0.564666	0.31557	0.132178
NC_031969	9.90663e+06	10106202	0.619262	0.363151	0.1444
NC_031969	9.94042e+06	10153917	0.68068	0.415954	0.161143
NC_031969	9.98391e+06	10195957	0.611912	0.413159	0.147872
NC_031969	1.00207e+07	10231814	0.622782	0.439177	0.15285
NC_031969	1.00595e+07	10267277	0.617375	0.409376	0.153466
NC_031969	1.01062e+07	10313622	0.592527	0.398623	0.146801
NC_031969	1.01539e+07	10361666	0.535893	0.38915	0.145356
NC_031969	1.0196e+07	10404143	0.619917	0.422571	0.163825
NC_031969	1.02323e+07	10444070	0.626623	0.403977	0.163317
NC_031969	1.02673e+07	10511987	0.598888	0.411797	0.154224
NC_031969	1.03138e+07	10554166	0.622565	0.420735	0.16083
NC_031969	1.03617e+07	10600192	0.691892	0.440728	0.177391
NC_031969	1.04042e+07	10639538	0.716495	0.461137	0.190672
NC_031969	1.04441e+07	10691632	0.714177	0.481349	0.188362
NC_031969	1.05121e+07	10720037	0.734598	0.4951	0.200417
NC_031969	1.05542e+07	10751466	0.755394	0.491993	0.202271
NC_031969	1.06009e+07	10784510	0.73601	0.480564	0.187548
NC_031969	1.06395e+07	10823492	0.675586	0.447352	0.174135
NC_031969	1.06916e+07	10858706	0.655343	0.431175	0.167862
NC_031969	1.07201e+07	10895096	0.718399	0.444785	0.181901
NC_031969	1.07515e+07	10934156	0.702313	0.435748	0.174408
NC_031969	1.07845e+07	10975395	0.702089	0.42455	0.170763
NC_031969	1.08235e+07	11022603	0.805556	0.4839	0.197541
NC_031969	1.08588e+07	11071269	0.835137	0.511018	0.2069
NC_031969	1.08951e+07	11114004	0.829287	0.498412	0.213089
NC_031969	1.09346e+07	11169841	0.795542	0.497895	0.209239
NC_031969	1.09754e+07	11235179	0.815681	0.515484	0.226314
NC_031969	1.10227e+07	11288915	0.788978	0.51049	0.216067
NC_031969	1.10713e+07	11339548	0.80388	0.511386	0.226804
NC_031969	1.1114e+07	11392614	0.829804	0.531338	0.239821
NC_031969	1.11698e+07	11423182	0.862127	0.562185	0.254612
NC_031969	1.12352e+07	11463559	0.870416	0.557814	0.246968
NC_031969	1.12892e+07	11521132	0.846693	0.525498	0.225288
NC_031969	1.13399e+07	11580593	0.831343	0.519832	0.222001
NC_031969	1.13928e+07	11626814	0.778839	0.500767	0.201192
NC_031969	1.14232e+07	11674727	0.817513	0.479292	0.212023
NC_031969	1.14636e+07	11721152	0.755876	0.462049	0.19196
NC_031969	1.15211e+07	11797587	0.744103	0.450108	0.192287
NC_031969	1.15807e+07	11855615	0.727059	0.425078	0.176781
NC_031969	1.16268e+07	11911500	0.758278	0.44819	0.178079
NC_031969	1.16747e+07	11969410	0.748472	0.455179	0.171442
NC_031969	1.17212e+07	12031105	0.839753	0.49478	0.208134
NC_031969	1.17976e+07	12083176	0.882904	0.530294	0.223793
NC_031969	1.18559e+07	12120280	0.902403	0.534564	0.241672
NC_031969	1.19116e+07	12158684	0.879004	0.51506	0.240003
NC_031969	1.19699e+07	12202308	0.855072	0.485242	0.232706
NC_031969	1.20311e+07	12253664	0.79189	0.438601	0.204191
NC_031969	1.20834e+07	12292789	0.770239	0.408088	0.197003
NC_031969	1.21203e+07	12333798	0.753268	0.421968	0.186338
NC_031969	1.21588e+07	12388008	0.740351	0.396617	0.176127
NC_031969	1.22027e+07	12465974	0.722997	0.42132	0.175476
NC_031969	1.22537e+07	12498149	0.740605	0.451397	0.178524
NC_031969	1.2295e+07	12538336	0.784878	0.515976	0.193692
NC_031969	1.23339e+07	12574411	0.784296	0.484933	0.184345
NC_031969	1.2388e+07	12624142	0.766982	0.502809	0.19085
NC_031969	1.24661e+07	12656505	0.784439	0.51622	0.199139
NC_031969	1.24983e+07	12710032	0.739222	0.502322	0.193788
NC_031969	1.25384e+07	12777137	0.706775	0.444217	0.184341
NC_031969	1.25744e+07	12903801	0.69202	0.444159	0.193195
NC_031969	1.26243e+07	12966523	0.716676	0.440849	0.191686
NC_031969	1.26565e+07	13012666	0.726972	0.399274	0.190147
NC_031969	1.271e+07	13053362	0.788315	0.408036	0.206716
NC_031969	1.27771e+07	13084071	0.792526	0.432455	0.210722
NC_031969	1.29044e+07	13120396	0.81947	0.464963	0.216548
NC_031969	1.29666e+07	13158000	0.818944	0.492658	0.219125
NC_031969	1.30129e+07	13193476	0.817761	0.530761	0.211441
NC_031969	1.30535e+07	13230496	0.83125	0.558164	0.218055
NC_031969	1.30841e+07	13423931	0.796583	0.550387	0.208876
NC_031969	1.31204e+07	13480622	0.745856	0.516335	0.197272
NC_031969	1.3158e+07	13532488	0.770283	0.492927	0.205922
NC_031969	1.31935e+07	13568494	0.766578	0.475981	0.211747
NC_031969	1.32305e+07	13600091	0.746741	0.427619	0.191614
NC_031969	1.3424e+07	13645475	0.8	0.420257	0.196778
NC_031969	1.34807e+07	13687122	0.812977	0.424985	0.193426
NC_031969	1.35326e+07	13724572	0.790744	0.41858	0.17522
NC_031969	1.35685e+07	13761800	0.80468	0.443939	0.174854
NC_031969	1.36002e+07	13802295	0.815867	0.48834	0.183449
NC_031969	1.36456e+07	13843882	0.817955	0.527049	0.204192
NC_031969	1.36874e+07	13889760	0.860983	0.531028	0.217206
NC_031969	1.3725e+07	13929631	0.850158	0.506103	0.216466
NC_031969	1.37619e+07	13959139	0.84202	0.486588	0.214434
NC_031969	1.38023e+07	13999275	0.84808	0.464776	0.216631
NC_031969	1.38439e+07	14043079	0.84494	0.461929	0.207148
NC_031969	1.38898e+07	14095917	0.814045	0.449481	0.200341
NC_031969	1.39297e+07	14139800	0.841873	0.492118	0.218552
NC_031969	1.39592e+07	14174500	0.780239	0.468655	0.202631
NC_031969	1.39993e+07	14202454	0.749471	0.464457	0.18644
NC_031969	1.40432e+07	14236443	0.77453	0.462241	0.185555
NC_031969	1.40961e+07	14276005	0.776671	0.455779	0.183845
NC_031969	1.41399e+07	14492082	0.739287	0.422042	0.169362
NC_031969	1.41745e+07	14529709	0.819936	0.464179	0.182749
NC_031969	1.42025e+07	14565724	0.845558	0.49107	0.197331
NC_031969	1.42365e+07	14602547	0.855508	0.500628	0.195223
NC_031969	1.4276e+07	14635870	0.881125	0.516009	0.202894
NC_031969	1.44924e+07	14672517	0.887611	0.541577	0.205744
NC_031969	1.45297e+07	14722252	0.897736	0.541176	0.224041
NC_031969	1.45658e+07	14767325	0.904676	0.522176	0.234059
NC_031969	1.46026e+07	14809640	0.911243	0.523391	0.240183
NC_031969	1.46359e+07	14846857	0.904478	0.503322	0.230725
NC_031969	1.46726e+07	15261432	0.855774	0.475042	0.227864
NC_031969	1.47225e+07	15296260	0.799531	0.434043	0.212673
NC_031969	1.47675e+07	15333555	0.765817	0.419915	0.195184
NC_031969	1.48096e+07	15377928	0.726027	0.393519	0.180386
NC_031969	1.48469e+07	15414963	0.688345	0.421835	0.180544
NC_031969	1.52615e+07	15455568	0.769392	0.438471	0.185964
NC_031969	1.52963e+07	15494527	0.839323	0.476019	0.196243
NC_031969	1.53336e+07	15533852	0.853763	0.484516	0.193765
NC_031969	1.5378e+07	15576541	0.852797	0.48446	0.199186
NC_031969	1.5415e+07	15622316	0.859023	0.479098	0.196824
NC_031969	1.54556e+07	15659488	0.823741	0.480399	0.199575
NC_031969	1.54945e+07	15699809	0.750973	0.461538	0.183238
NC_031969	1.55339e+07	15738204	0.745058	0.481491	0.18683
NC_031969	1.55765e+07	15786909	0.74173	0.505982	0.185285
NC_031969	1.56223e+07	15813380	0.672238	0.459114	0.190398
NC_031969	1.56595e+07	15838525	0.673514	0.469385	0.185896
NC_031969	1.57001e+07	15879280	0.697208	0.481336	0.185179
NC_031969	1.57382e+07	15924389	0.719654	0.486596	0.198435
NC_031969	1.57869e+07	15960340	0.739668	0.477616	0.202806
NC_031969	1.58134e+07	15994151	0.825572	0.524194	0.199305
NC_031969	1.58385e+07	16028352	0.823581	0.525348	0.196581
NC_031969	1.58793e+07	16068210	0.866352	0.547714	0.213939
NC_031969	1.59248e+07	16112971	0.870579	0.555955	0.211152
NC_031969	1.59604e+07	16174706	0.883098	0.545538	0.21886
NC_031969	1.59942e+07	16211542	0.906994	0.53441	0.223248
NC_031969	1.60284e+07	16261501	0.91255	0.52882	0.232919
NC_031969	1.60683e+07	16312949	0.869399	0.515286	0.222055
NC_031969	1.6113e+07	16389183	0.878998	0.495923	0.209921
NC_031969	1.61747e+07	16425613	0.852192	0.517298	0.198773
NC_031969	1.62116e+07	16463451	0.859012	0.545942	0.206139
NC_031969	1.62616e+07	16501634	0.884873	0.547261	0.205663
NC_031969	1.6313e+07	16540206	0.932961	0.55962	0.20912
NC_031969	1.63892e+07	16579773	0.888405	0.561587	0.204968
NC_031969	1.64256e+07	16620491	0.893993	0.522592	0.204424
NC_031969	1.64635e+07	16655573	0.869934	0.487973	0.18785
NC_031969	1.65016e+07	16705159	0.836004	0.485628	0.179791
NC_031969	1.65403e+07	16750186	0.817232	0.456268	0.186828
NC_031969	1.65798e+07	16789025	0.862369	0.473911	0.198995
NC_031969	1.66205e+07	16826415	0.850168	0.494855	0.197807
NC_031969	1.66558e+07	16869959	0.815603	0.476252	0.187344
NC_031969	1.67052e+07	16923339	0.829749	0.487689	0.189531
NC_031969	1.67502e+07	17209564	0.747105	0.471982	0.170408
NC_031969	1.6789e+07	17260318	0.737931	0.486732	0.175842
NC_031969	1.68264e+07	17316518	0.743711	0.491916	0.173581
NC_031969	1.687e+07	17391034	0.826594	0.535367	0.208036
NC_031969	1.69233e+07	17460196	0.83795	0.546656	0.20884
NC_031969	1.72107e+07	17523941	0.91174	0.580469	0.221805
NC_031969	1.72603e+07	17594039	0.9	0.54047	0.212047
NC_031969	1.73166e+07	17656904	0.885362	0.529257	0.208688
NC_031969	1.7391e+07	17706380	0.88303	0.538282	0.191795
NC_031969	1.74602e+07	17752473	0.91222	0.557308	0.217436
NC_031969	1.7524e+07	17802682	0.928966	0.576961	0.236014
NC_031969	1.75947e+07	17860648	0.956452	0.616184	0.240483
NC_031969	1.76569e+07	17923000	0.966667	0.627609	0.259557
NC_031969	1.77067e+07	18018658	0.964438	0.619595	0.267586
NC_031969	1.77526e+07	18120342	0.955072	0.58564	0.258152
NC_031969	1.78027e+07	18212075	0.945012	0.597162	0.235812
NC_031969	1.78607e+07	18266674	0.941967	0.562606	0.251665
NC_031969	1.7923e+07	18333034	0.952703	0.551212	0.258573
NC_031969	1.80187e+07	18406197	0.942675	0.555139	0.261854
NC_031969	1.81205e+07	18473099	0.937132	0.555836	0.250855
NC_031969	1.82125e+07	18513904	0.958386	0.56727	0.262499
NC_031969	1.82667e+07	18582663	0.947748	0.588477	0.262061
NC_031969	1.83341e+07	18636384	0.942659	0.575274	0.251407
NC_031969	1.84062e+07	18685091	0.940629	0.57361	0.237601
NC_031969	1.84731e+07	18858660	0.903946	0.569953	0.239023
NC_031969	1.85139e+07	19208998	0.82406	0.51753	0.22264
NC_031969	1.85832e+07	19301604	0.78269	0.463058	0.192872
NC_031969	1.86364e+07	19350042	0.747835	0.47565	0.179166
NC_031969	1.86852e+07	19396764	0.75	0.481325	0.185273
NC_031969	1.88587e+07	19448082	0.743762	0.473861	0.186365
NC_031969	1.9209e+07	19497246	0.75766	0.461212	0.188987
NC_031969	1.93016e+07	19543956	0.774454	0.499674	0.20195
NC_031969	1.93501e+07	19597819	0.75139	0.459168	0.192169
NC_031969	1.93968e+07	19649118	0.750913	0.441718	0.203412
NC_031969	1.94481e+07	19691148	0.740654	0.418938	0.189649
NC_031969	1.94973e+07	19762721	0.805982	0.437371	0.197915
NC_031969	1.95440e+07	20335610	0.761945	0.407571	0.185538
NC_031969	1.95981e+07	20842667	0.722156	0.410716	0.190491
NC_031969	1.96491e+07	21121921	0.734129	0.42872	0.185031
NC_031969	1.96912e+07	21163290	0.790891	0.47083	0.207665
NC_031969	1.97634e+07	21212941	0.755622	0.471233	0.196482
NC_031969	2.03357e+07	21271414	0.769335	0.490988	0.195171
NC_031969	2.08427e+07	21335821	0.870029	0.529204	0.201913
NC_031969	2.11223e+07	21389619	0.847015	0.516496	0.201823
NC_031969	2.11633e+07	21455587	0.835866	0.502742	0.188313
NC_031969	2.12129e+07	21508453	0.866055	0.534541	0.204196
NC_031969	2.12715e+07	21563764	0.897993	0.542942	0.220846
NC_031969	2.13359e+07	21608351	0.864144	0.542917	0.208545
NC_031969	2.13896e+07	21656684	0.908789	0.548793	0.216596
NC_031969	2.14556e+07	21702893	0.907863	0.557259	0.220269
NC_031969	2.15085e+07	21750027	0.900697	0.530226	0.207418
NC_031969	2.15638e+07	21797694	0.876072	0.487792	0.184575
NC_031969	2.16084e+07	21887319	0.876122	0.49885	0.195102
NC_031969	2.16567e+07	21943379	0.862197	0.505321	0.196499
NC_031969	2.17029e+07	21995156	0.868726	0.512383	0.201726
NC_031969	2.17501e+07	22039881	0.835431	0.500435	0.197958
NC_031969	2.17977e+07	22073963	0.846	0.537997	0.206417
NC_031969	2.18873e+07	22112572	0.864979	0.515075	0.206862
NC_031969	2.19434e+07	22152433	0.808976	0.487179	0.182597
NC_031969	2.19953e+07	22185134	0.743831	0.444366	0.158072
NC_031969	2.20399e+07	22349652	0.584354	0.495703	0.133917
NC_031969	2.2074e+07	22398703	0.608571	0.506786	0.142982
NC_031969	2.21126e+07	22441468	0.610533	0.496496	0.145475
NC_031969	2.21524e+07	22478615	0.571226	0.453491	0.139802
NC_031969	2.21851e+07	22519578	0.623446	0.490054	0.153841
NC_031969	2.23497e+07	22565385	0.800923	0.492156	0.20361
NC_031969	2.23988e+07	22604436	0.79919	0.493747	0.203841
NC_031969	2.24416e+07	22685063	0.805295	0.495533	0.21082
NC_031969	2.24787e+07	22732719	0.877372	0.543891	0.236707
NC_031969	2.25196e+07	22777689	0.880317	0.560606	0.239741
NC_031969	2.25654e+07	22811845	0.847777	0.541386	0.221065
NC_031969	2.26044e+07	22866205	0.848046	0.537861	0.222012
NC_031969	2.26851e+07	22911977	0.863946	0.562756	0.231004
NC_031969	2.27327e+07	22980784	0.884932	0.557197	0.231261
NC_031969	2.27777e+07	23050835	0.898551	0.55139	0.235385
NC_031969	2.28122e+07	23119092	0.94865	0.567379	0.259511
NC_031969	2.28662e+07	23166053	0.944371	0.565256	0.259757
NC_031969	2.2912e+07	23206565	0.945347	0.555797	0.234647
NC_031969	2.29808e+07	23241541	0.923729	0.541212	0.211199
NC_031969	2.30509e+07	23284776	0.869963	0.517711	0.197259
NC_031969	2.31191e+07	23516487	0.789163	0.459552	0.166459
NC_031969	2.31661e+07	23548871	0.797661	0.426939	0.160266
NC_031969	2.32066e+07	23590012	0.752624	0.414218	0.162144
NC_031969	2.32415e+07	23623196	0.726061	0.416841	0.173926
NC_031969	2.32848e+07	23667326	0.744232	0.421671	0.176596
NC_031969	2.35165e+07	23704219	0.769139	0.448324	0.180037
NC_031969	2.35489e+07	23737992	0.774146	0.468947	0.192109
NC_031969	2.359e+07	23813051	0.806938	0.461207	0.203926
NC_031969	2.36232e+07	23852124	0.826167	0.476774	0.203632
NC_031969	2.36673e+07	23901203	0.854241	0.477814	0.208467
NC_031969	2.37043e+07	23945999	0.873589	0.484571	0.21189
NC_031969	2.3738e+07	23987611	0.898064	0.513047	0.216788
NC_031969	2.38131e+07	24031366	0.891785	0.531998	0.210765
NC_031969	2.38521e+07	24072162	0.940629	0.558815	0.214767
NC_031969	2.39012e+07	24125965	0.914202	0.563238	0.220092
NC_031969	2.39461e+07	24174050	0.914251	0.531184	0.225499
NC_031969	2.39877e+07	24213965	0.869529	0.519857	0.21374
NC_031969	2.40314e+07	24271307	0.885848	0.514584	0.225169
NC_031969	2.40723e+07	24309800	0.855385	0.497372	0.220558
NC_031969	2.4126e+07	24378471	0.840241	0.483574	0.215386
NC_031969	2.41741e+07	24416024	0.823221	0.479128	0.212295
NC_031969	2.4214e+07	24458977	0.861175	0.494146	0.213876
NC_031969	2.42713e+07	24498848	0.822701	0.500567	0.200982
NC_031969	2.43103e+07	24531678	0.80885	0.47567	0.1982
NC_031969	2.43785e+07	24639822	0.815884	0.504605	0.21011
NC_031969	2.4416e+07	24697182	0.833483	0.559663	0.212776
NC_031969	2.4459e+07	24770000	0.833046	0.524235	0.227257
NC_031969	2.44988e+07	24833051	0.861386	0.526608	0.235959
NC_031969	2.45318e+07	24887017	0.885449	0.56158	0.240735
NC_031969	2.46398e+07	24943801	0.910899	0.56624	0.229776
NC_031969	2.46972e+07	25001518	0.922481	0.574571	0.237804
NC_031969	2.477e+07	25064228	0.912913	0.607056	0.232455
NC_031969	2.48332e+07	25115815	0.923698	0.60121	0.235675
NC_031969	2.4887e+07	25176431	0.924943	0.571429	0.223443
NC_031969	2.49439e+07	25230983	0.926775	0.550044	0.230162
NC_031969	2.50016e+07	25273427	0.931061	0.512938	0.224886
NC_031969	2.50643e+07	25392004	0.933891	0.475501	0.220118
NC_031969	2.51158e+07	25431875	0.940708	0.474978	0.207739
NC_031969	2.51768e+07	25488382	0.923261	0.497202	0.221647
NC_031969	2.5231e+07	25545415	0.930408	0.491803	0.229136
NC_031969	2.52736e+07	25589038	0.921708	0.498364	0.233649
NC_031969	2.5392e+07	25641788	0.929528	0.522273	0.230534
NC_031969	2.54319e+07	25691692	0.917012	0.510884	0.237019
NC_031969	2.54902e+07	25768979	0.909348	0.520154	0.233433
NC_031969	2.55456e+07	25813152	0.895288	0.556615	0.227415
NC_031969	2.55891e+07	25857292	0.863772	0.569595	0.2212
NC_031969	2.56418e+07	25895816	0.855204	0.528487	0.218129
NC_031969	2.56917e+07	25942621	0.813665	0.537229	0.203071
NC_031969	2.57691e+07	25991973	0.789562	0.494009	0.196656
NC_031969	2.58133e+07	26038540	0.75	0.436189	0.175456
NC_031969	2.58574e+07	26086411	0.761223	0.418647	0.174484
NC_031969	2.58958e+07	26145766	0.717949	0.419355	0.169145
NC_031969	2.59426e+07	26200320	0.753398	0.419686	0.183538
NC_031969	2.5992e+07	26234069	0.774226	0.424193	0.178736
NC_031969	2.60385e+07	26273498	0.780546	0.458615	0.185747
NC_031969	2.60864e+07	26323515	0.80444	0.504742	0.194851
NC_031969	2.61458e+07	26411427	0.847627	0.537845	0.205163
NC_031969	2.62004e+07	26724702	0.83618	0.536537	0.199228
NC_031969	2.62341e+07	26794788	0.855072	0.550742	0.221293
NC_031969	2.62737e+07	26849900	0.856836	0.544834	0.224578
NC_031969	2.6325e+07	26900175	0.818584	0.519177	0.209434
NC_031969	2.64115e+07	26942080	0.813534	0.50139	0.212657
NC_031969	2.67247e+07	26977710	0.805869	0.503289	0.215884
NC_031969	2.67948e+07	27020296	0.771836	0.464094	0.186799
NC_031969	2.68499e+07	27088796	0.767849	0.456867	0.186927
NC_031969	2.69002e+07	27130257	0.78952	0.444362	0.189735
NC_031969	2.69421e+07	27193145	0.766377	0.434658	0.176626
NC_031969	2.69778e+07	27232073	0.791461	0.458713	0.183514
NC_031969	2.70203e+07	27377950	0.799589	0.483246	0.20122
NC_031969	2.70888e+07	27424891	0.774874	0.485473	0.189798
NC_031969	2.71303e+07	27477020	0.793075	0.495326	0.194645
NC_031969	2.71932e+07	27530386	0.792763	0.489812	0.196817
NC_031969	2.72321e+07	27842851	0.76489	0.474064	0.191759
NC_031969	2.73788e+07	27891619	0.762199	0.478333	0.193713
NC_031969	2.74249e+07	27978031	0.720229	0.451492	0.188203
NC_031969	2.74774e+07	28020569	0.70989	0.44181	0.18518
NC_031969	2.75304e+07	28065011	0.724292	0.445616	0.19279
NC_031969	2.78429e+07	28100669	0.740682	0.434621	0.188079
NC_031969	2.78918e+07	28139759	0.730924	0.419355	0.18395
NC_031969	2.79781e+07	28181861	0.796791	0.439096	0.194475
NC_031969	2.80206e+07	28216305	0.731128	0.42131	0.182395
NC_031969	2.8065e+07	28248916	0.711111	0.410256	0.17105
NC_031969	2.81009e+07	28286906	0.739899	0.446873	0.183776
NC_031969	2.81398e+07	28323201	0.795638	0.464404	0.200938
NC_031969	2.81823e+07	28370041	0.809843	0.485038	0.20745
NC_031969	2.82163e+07	28411231	0.857036	0.5	0.226174
NC_031969	2.82489e+07	28457886	0.850986	0.513668	0.225731
NC_031969	2.82869e+07	28496960	0.842424	0.479724	0.226108
NC_031969	2.83232e+07	28735423	0.800388	0.466395	0.213442
NC_031969	2.83701e+07	28834886	0.719657	0.423216	0.194543
NC_031969	2.84113e+07	28880604	0.679424	0.415565	0.179341
NC_031969	2.8458e+07	28928675	0.674631	0.401213	0.179241
NC_031969	2.84971e+07	28971780	0.606254	0.384885	0.151042
NC_031969	2.87355e+07	29016390	0.479274	0.33362	0.108194
NC_031969	2.88349e+07	29160977	0.628534	0.418752	0.134255
NC_031969	2.88806e+07	29211667	0.65175	0.447597	0.147188
NC_031969	2.89287e+07	29272674	0.642665	0.423813	0.147182
NC_031969	2.89719e+07	29314462	0.696517	0.41791	0.157764
NC_031969	2.90176e+07	29342548	0.743612	0.440042	0.177236
NC_031969	2.91611e+07	29394239	0.746979	0.451804	0.19662
NC_031969	2.92118e+07	29437683	0.77262	0.4619	0.193994
NC_031969	2.92727e+07	29487620	0.805027	0.499527	0.20323
NC_031969	2.93145e+07	29538229	0.811487	0.490432	0.210667
NC_031969	2.93426e+07	29592173	0.849104	0.487004	0.218254
NC_031969	2.93942e+07	29632721	0.84436	0.46028	0.189607
NC_031969	2.94377e+07	29668155	0.860875	0.45309	0.197597
NC_031969	2.94877e+07	29707230	0.8162	0.434559	0.187908
NC_031969	2.9539e+07	29747862	0.775844	0.456412	0.179866
NC_031969	2.95923e+07	29777244	0.754062	0.465053	0.180538
NC_031969	2.96333e+07	29817526	0.738805	0.452952	0.183966
NC_031969	2.96682e+07	29860647	0.691533	0.437205	0.175067
NC_031969	2.97073e+07	29898176	0.656567	0.410374	0.16315
NC_031969	2.97479e+07	29933991	0.681455	0.411631	0.177234
NC_031969	2.97774e+07	29979551	0.669968	0.400421	0.17079
NC_031969	2.98176e+07	30029914	0.665862	0.406383	0.165764
NC_031969	2.98609e+07	30075565	0.685518	0.408992	0.164948
NC_031969	2.98982e+07	30123932	0.750626	0.449713	0.188392
NC_031969	2.99342e+07	30161166	0.775862	0.449343	0.182672
NC_031969	2.99796e+07	30200328	0.8186	0.494301	0.194094
NC_031969	3.00299e+07	30239130	0.825464	0.476747	0.211025
NC_031969	3.00756e+07	30292492	0.801146	0.481673	0.205575
NC_031969	3.01239e+07	30333203	0.827896	0.47619	0.211535
NC_031969	3.01612e+07	30370984	0.810897	0.495108	0.212873
NC_031969	3.02004e+07	30402623	0.775157	0.469747	0.199031
NC_031969	3.02392e+07	30466945	0.790602	0.505003	0.196275
NC_031969	3.02926e+07	30515087	0.838558	0.498602	0.220301
NC_031969	3.03332e+07	30571601	0.823161	0.513171	0.214169
NC_031969	3.03711e+07	30614122	0.871248	0.514524	0.225943
NC_031969	3.04026e+07	30674270	0.93377	0.562085	0.247079
NC_031969	3.0467e+07	30734241	0.942146	0.555093	0.246393
NC_031969	3.05152e+07	30783839	0.958086	0.595528	0.245481
NC_031969	3.05716e+07	30839006	0.964782	0.576021	0.250969
NC_031969	3.06144e+07	30883661	0.95664	0.591537	0.263138
NC_031969	3.06743e+07	31059574	0.940928	0.561006	0.263645
NC_031969	3.07342e+07	31117209	0.893069	0.561178	0.260794
NC_031969	3.07838e+07	31177481	0.884217	0.554028	0.262103
NC_031969	3.0839e+07	31270399	0.852104	0.551241	0.248825
NC_031969	3.08837e+07	31476588	0.809436	0.509842	0.237761
NC_031969	3.10598e+07	31598903	0.796639	0.486486	0.238431
NC_031969	3.11172e+07	32026969	0.813531	0.478177	0.252821
NC_031969	3.11775e+07	32128055	0.797824	0.447047	0.245506
NC_031969	3.12708e+07	32279629	0.765169	0.441491	0.241233
NC_031969	3.14766e+07	32347030	0.763699	0.444962	0.231408
NC_031969	3.15989e+07	32529512	0.758155	0.446033	0.217552
NC_031969	3.20274e+07	33145459	0.735062	0.425375	0.205629
NC_031969	3.21281e+07	33210650	0.718668	0.439796	0.200134
NC_031969	3.22799e+07	33284933	0.740385	0.444095	0.206346
NC_031969	3.23471e+07	33361685	0.763141	0.44381	0.211522
NC_031969	3.25295e+07	33691320	0.790833	0.482473	0.230697
NC_031969	3.3146e+07	33872713	0.830334	0.520758	0.232793
NC_031969	3.32112e+07	34004806	0.847545	0.518167	0.239372
NC_031969	3.32859e+07	34087409	0.893315	0.540938	0.240644
NC_031969	3.33618e+07	34168318	0.901269	0.586037	0.240101
NC_031969	3.36913e+07	34237194	0.885802	0.551459	0.22788
NC_031969	3.38728e+07	34354576	0.833058	0.54099	0.217605
NC_031969	3.4005e+07	34420623	0.811683	0.512313	0.197444
NC_031969	3.40875e+07	34486073	0.806988	0.487315	0.210618
NC_031969	3.41685e+07	34604396	0.767081	0.440383	0.206371
NC_031969	3.42377e+07	34733909	0.79319	0.463608	0.230974
NC_031969	3.43546e+07	34848987	0.849882	0.474431	0.247931
NC_031969	3.44207e+07	34909200	0.888255	0.502419	0.268992
NC_031969	3.44862e+07	34971350	0.916618	0.532101	0.276073
NC_031969	3.46044e+07	35140139	0.946177	0.564187	0.290298
NC_031969	3.4734e+07	35237929	0.933649	0.549402	0.271992
NC_031969	3.4849e+07	35493418	0.84669	0.531729	0.24806
NC_031969	3.49096e+07	35827152	0.743448	0.479964	0.221993
NC_031969	3.49718e+07	35997502	0.659193	0.396583	0.184712
NC_031969	3.51402e+07	36131903	0.714089	0.439695	0.202653
NC_031969	3.52379e+07	36342751	0.746749	0.470868	0.216554
NC_031969	3.54934e+07	36613279	0.824897	0.51145	0.242705
NC_031969	3.58272e+07	37144292	0.921727	0.557551	0.269322
NC_031969	3.59975e+07	37349236	0.881119	0.579532	0.28389
NC_031969	3.61323e+07	37482691	0.820986	0.535714	0.258991
NC_031969	3.63484e+07	37722985	0.749611	0.473768	0.237132
NC_031969	3.6633e+07	37994186	0.704062	0.450402	0.232301
